%%/grafo-70-7-0.3
70 70 706
0 7
0 9
0 15
0 18
0 21
0 24
0 32
0 34
0 38
0 46
0 50
0 53
0 56
0 60
0 64
1 6
1 8
1 14
1 22
1 25
1 26
1 31
1 32
1 37
1 45
1 46
1 62
1 67
2 3
2 7
2 10
2 12
2 14
2 16
2 27
2 28
2 29
2 30
2 33
2 36
2 39
2 40
2 42
2 46
2 47
2 51
2 52
2 55
2 56
2 60
2 62
2 63
2 68
3 8
3 14
3 22
3 23
3 25
3 37
3 38
3 42
3 44
3 48
3 51
3 54
3 57
3 62
3 64
3 65
3 66
4 6
4 11
4 13
4 23
4 24
4 26
4 30
4 33
4 38
4 48
4 49
4 52
4 53
4 55
4 57
4 60
4 64
4 67
4 68
5 10
5 12
5 13
5 16
5 17
5 23
5 25
5 34
5 37
5 38
5 39
5 41
5 42
5 43
5 46
5 50
5 52
5 53
5 54
5 55
5 56
5 58
5 64
5 66
5 68
6 8
6 9
6 12
6 15
6 25
6 30
6 32
6 37
6 39
6 48
6 53
6 58
6 67
6 69
7 8
7 12
7 16
7 18
7 22
7 23
7 25
7 29
7 31
7 36
7 38
7 44
7 46
7 55
7 59
7 66
7 67
8 10
8 22
8 25
8 27
8 28
8 30
8 31
8 36
8 38
8 40
8 49
8 51
8 53
8 57
8 58
8 60
8 61
8 62
8 63
8 67
8 68
9 10
9 11
9 14
9 20
9 24
9 26
9 36
9 37
9 50
9 52
9 59
9 64
9 66
9 68
10 11
10 14
10 20
10 23
10 26
10 32
10 33
10 39
10 46
10 50
10 51
10 52
10 53
10 55
10 67
10 69
11 14
11 15
11 16
11 18
11 19
11 22
11 25
11 26
11 28
11 32
11 40
11 46
11 49
11 52
11 55
11 56
11 60
11 62
11 68
12 13
12 18
12 19
12 21
12 22
12 25
12 26
12 27
12 29
12 30
12 31
12 33
12 41
12 47
12 54
12 57
12 58
12 68
13 18
13 20
13 21
13 22
13 23
13 34
13 36
13 46
13 50
13 53
13 54
13 57
13 60
13 65
14 29
14 34
14 35
14 38
14 43
14 45
14 50
14 51
14 54
14 63
14 64
15 17
15 19
15 24
15 25
15 26
15 27
15 28
15 31
15 38
15 39
15 40
15 43
15 44
15 46
15 47
15 48
15 50
15 51
15 52
15 53
15 58
15 61
15 64
15 66
15 67
15 68
16 18
16 20
16 22
16 23
16 25
16 30
16 31
16 41
16 43
16 46
16 48
16 65
16 66
16 67
16 69
17 25
17 29
17 30
17 33
17 34
17 43
17 47
17 49
17 50
17 54
17 55
17 56
17 57
17 58
17 67
17 68
18 20
18 26
18 30
18 34
18 36
18 37
18 38
18 41
18 51
18 55
18 60
18 62
18 69
19 21
19 26
19 31
19 33
19 35
19 39
19 42
19 46
19 48
19 50
19 52
19 53
19 55
19 62
19 65
20 23
20 24
20 25
20 26
20 33
20 39
20 41
20 42
20 47
20 59
20 62
20 64
21 22
21 26
21 30
21 32
21 35
21 36
21 44
21 49
21 53
21 57
21 62
21 64
21 69
22 26
22 28
22 30
22 35
22 38
22 40
22 44
22 45
22 50
22 56
22 59
22 61
22 62
22 63
22 68
22 69
23 25
23 26
23 27
23 28
23 40
23 41
23 43
23 44
23 47
23 49
23 50
23 53
23 55
23 58
23 60
23 61
23 66
23 69
24 26
24 31
24 32
24 34
24 39
24 44
24 45
24 49
24 55
24 60
24 61
24 63
25 28
25 30
25 32
25 34
25 37
25 38
25 40
25 52
25 53
25 60
25 62
25 64
25 67
25 68
25 69
26 29
26 32
26 35
26 36
26 38
26 39
26 41
26 43
26 45
26 46
26 52
26 56
26 63
26 65
26 66
26 67
26 69
27 28
27 30
27 31
27 35
27 37
27 38
27 40
27 41
27 43
27 46
27 60
27 63
27 66
28 31
28 33
28 39
28 51
28 53
28 57
28 63
28 67
28 69
29 36
29 47
29 49
29 52
29 53
29 65
30 37
30 39
30 40
30 43
30 49
30 53
30 57
30 60
31 33
31 35
31 39
31 42
31 46
31 52
31 55
31 59
31 60
31 68
32 36
32 37
32 38
32 49
32 53
32 56
32 59
32 62
32 63
32 69
33 40
33 42
33 45
33 48
33 49
33 50
33 54
33 55
33 56
33 60
33 62
33 63
33 65
33 68
33 69
34 35
34 36
34 37
34 39
34 56
34 61
34 62
34 63
34 66
34 68
34 69
35 36
35 41
35 50
35 51
35 52
35 55
35 59
35 63
36 40
36 44
36 49
36 59
36 60
36 62
36 63
36 64
37 39
37 40
37 44
37 47
37 48
37 51
37 52
37 60
37 64
37 65
37 67
38 39
38 41
38 46
38 53
38 55
38 57
38 58
38 62
38 64
38 65
38 68
39 44
39 46
39 52
39 54
39 56
39 57
39 64
39 65
39 68
40 47
40 48
40 50
40 51
40 52
40 53
40 57
40 67
40 69
41 42
41 43
41 44
41 46
41 56
41 60
41 65
42 45
42 53
42 55
42 69
43 45
43 47
43 51
43 58
43 60
43 62
43 63
44 45
44 47
44 52
44 58
44 60
44 65
44 67
44 68
45 48
45 53
45 54
45 55
45 57
45 58
45 59
45 62
45 68
46 48
46 49
46 50
46 53
46 55
46 58
46 62
46 65
46 69
47 48
47 49
47 54
47 56
47 58
47 62
48 51
48 56
48 59
48 62
48 68
49 51
49 56
49 59
49 64
49 66
49 67
50 54
50 56
50 64
50 65
51 55
51 57
51 58
51 60
51 62
51 64
51 68
52 56
52 60
52 63
52 64
53 54
53 57
53 59
53 61
53 68
54 61
54 62
54 65
54 66
54 68
55 56
55 61
55 63
55 66
56 57
56 58
56 65
56 69
57 60
57 62
57 67
57 69
58 61
58 67
58 69
59 60
59 62
59 63
59 66
59 67
60 61
60 62
60 63
60 64
60 66
60 67
60 68
61 68
61 69
62 65
62 67
62 68
64 69
65 67
65 69
66 67
