%%/grafo-70-0-0.3
70 70 714
0 2
0 11
0 12
0 13
0 14
0 17
0 29
0 30
0 34
0 36
0 37
0 44
0 45
0 47
0 51
0 54
0 60
1 4
1 5
1 6
1 12
1 15
1 16
1 18
1 20
1 24
1 28
1 37
1 41
1 44
1 45
1 46
1 48
1 62
2 3
2 4
2 9
2 10
2 16
2 18
2 20
2 21
2 22
2 23
2 25
2 26
2 29
2 31
2 32
2 38
2 41
2 43
2 44
2 46
2 47
2 48
2 49
2 54
2 56
2 64
2 66
2 67
3 5
3 6
3 10
3 11
3 21
3 24
3 30
3 35
3 38
3 41
3 42
3 45
3 46
3 48
3 50
3 56
3 63
3 64
3 66
3 69
4 5
4 6
4 7
4 11
4 17
4 18
4 23
4 28
4 29
4 30
4 31
4 32
4 33
4 34
4 37
4 39
4 43
4 44
4 46
4 47
4 48
4 55
4 56
4 65
4 66
5 7
5 8
5 11
5 15
5 17
5 22
5 25
5 26
5 29
5 37
5 38
5 46
5 47
5 48
5 51
5 53
5 54
5 58
5 65
5 67
5 69
6 11
6 13
6 16
6 24
6 27
6 32
6 36
6 39
6 40
6 43
6 46
6 47
6 48
6 50
6 53
6 58
6 60
6 62
6 64
6 65
7 10
7 15
7 16
7 19
7 23
7 26
7 30
7 34
7 35
7 45
7 46
7 48
7 52
7 61
7 63
7 64
7 65
7 68
8 13
8 19
8 21
8 23
8 26
8 30
8 32
8 33
8 35
8 40
8 41
8 43
8 52
8 65
8 66
9 11
9 12
9 18
9 19
9 23
9 24
9 25
9 26
9 31
9 32
9 33
9 35
9 45
9 46
9 51
9 56
9 59
9 62
9 64
9 67
10 18
10 21
10 24
10 25
10 26
10 29
10 35
10 36
10 37
10 40
10 41
10 46
10 50
10 52
10 53
10 56
10 59
10 60
10 63
10 65
10 69
11 12
11 13
11 19
11 20
11 21
11 28
11 33
11 42
11 50
11 51
11 55
11 56
11 59
11 62
11 69
12 16
12 19
12 25
12 32
12 33
12 42
12 43
12 44
12 45
12 47
12 52
12 53
12 54
12 59
12 63
12 64
13 15
13 24
13 26
13 31
13 37
13 39
13 41
13 50
13 51
13 52
13 55
13 57
13 58
13 62
13 63
13 65
13 67
14 16
14 22
14 25
14 27
14 32
14 34
14 35
14 36
14 41
14 45
14 68
14 69
15 16
15 19
15 20
15 22
15 26
15 37
15 40
15 43
15 45
15 46
15 49
15 53
15 56
15 63
15 67
16 19
16 25
16 26
16 34
16 36
16 38
16 39
16 41
16 45
16 48
16 49
16 57
16 62
17 20
17 22
17 28
17 29
17 30
17 35
17 36
17 45
17 46
17 47
17 48
17 56
17 60
17 61
17 63
17 64
17 65
17 67
17 68
18 21
18 23
18 27
18 29
18 34
18 41
18 42
18 44
18 45
18 53
18 57
18 58
18 60
18 62
18 63
18 64
19 21
19 32
19 35
19 57
19 59
19 61
19 66
20 21
20 27
20 34
20 38
20 47
20 48
20 55
20 56
20 61
20 62
20 67
20 68
20 69
21 22
21 23
21 26
21 28
21 37
21 43
21 44
21 45
21 49
21 55
21 57
21 60
21 62
21 68
22 23
22 26
22 29
22 30
22 33
22 38
22 43
22 44
22 47
22 50
22 52
22 54
22 58
22 59
22 63
22 66
22 67
22 69
23 30
23 32
23 33
23 34
23 35
23 40
23 47
23 48
23 50
23 51
23 53
23 56
23 57
23 60
23 67
24 26
24 33
24 35
24 36
24 38
24 41
24 42
24 43
24 44
24 46
24 50
24 53
24 56
24 60
25 26
25 28
25 35
25 36
25 37
25 40
25 41
25 44
25 45
25 46
25 50
25 51
25 55
25 58
25 60
25 61
25 62
25 63
25 64
26 29
26 31
26 46
26 48
26 50
26 51
26 52
26 55
26 61
26 65
26 66
27 29
27 30
27 34
27 41
27 43
27 45
27 48
27 49
27 50
27 52
27 55
27 56
27 61
27 64
27 65
27 67
27 68
28 29
28 31
28 32
28 37
28 38
28 42
28 43
28 45
28 47
28 49
28 50
28 58
28 62
28 66
28 68
29 30
29 40
29 43
29 47
29 48
29 58
29 60
29 67
29 69
30 31
30 32
30 33
30 36
30 38
30 39
30 44
30 47
30 52
30 54
30 56
30 59
30 67
31 38
31 40
31 46
31 47
31 49
31 58
31 60
31 66
32 33
32 35
32 38
32 42
32 43
32 48
32 51
32 52
32 53
32 56
32 61
32 63
32 66
32 68
32 69
33 36
33 37
33 38
33 41
33 43
33 45
33 49
33 57
33 59
33 66
33 69
34 35
34 40
34 41
34 43
34 53
34 57
34 58
34 59
34 62
34 63
34 67
35 39
35 46
35 55
35 56
35 61
35 62
35 63
36 42
36 43
36 53
36 61
36 65
36 67
37 42
37 43
37 44
37 45
37 48
37 53
37 56
37 62
37 65
37 68
37 69
38 39
38 40
38 41
38 43
38 48
38 52
38 54
38 59
38 68
39 49
39 52
39 53
39 58
39 63
39 64
39 68
39 69
40 43
40 44
40 49
40 63
40 64
40 66
40 67
41 43
41 44
41 46
41 47
41 48
41 50
41 55
41 60
41 66
41 68
42 44
42 48
42 52
42 54
42 56
42 59
42 63
42 68
43 44
43 50
43 57
43 58
43 60
43 63
43 67
43 69
44 46
44 49
44 52
44 54
44 55
44 56
44 57
44 58
44 64
44 67
45 46
45 50
45 57
45 61
45 63
45 68
46 47
46 48
46 49
46 50
46 56
46 58
46 59
46 62
46 63
46 65
46 66
47 54
47 56
47 66
47 69
48 53
48 62
48 67
48 69
49 55
49 60
49 64
50 51
50 55
50 69
51 52
51 63
51 69
52 53
52 59
52 60
52 64
52 65
52 66
52 68
53 55
53 58
53 65
53 66
53 69
54 59
54 64
55 57
55 60
55 62
55 69
56 57
56 59
56 62
56 65
56 68
57 58
57 59
57 67
58 61
58 64
58 65
58 67
59 61
59 62
59 65
60 69
61 63
63 66
64 66
64 67
64 69
65 69
67 68
