%%/grafo-70-2-0.3
70 70 696
0 7
0 8
0 11
0 14
0 20
0 23
0 24
0 26
0 29
0 33
0 34
0 35
0 37
0 39
0 40
0 41
0 42
0 43
0 46
0 53
0 54
0 55
0 57
0 58
0 61
0 66
1 7
1 11
1 14
1 16
1 20
1 22
1 23
1 36
1 40
1 41
1 46
1 50
1 51
1 53
1 54
1 66
1 68
2 3
2 4
2 7
2 9
2 10
2 13
2 16
2 19
2 21
2 22
2 25
2 30
2 32
2 33
2 34
2 35
2 39
2 41
2 42
2 45
2 51
2 54
2 60
2 62
2 66
2 68
3 4
3 7
3 10
3 11
3 12
3 16
3 17
3 18
3 23
3 27
3 29
3 30
3 32
3 36
3 37
3 40
3 45
3 48
3 49
3 52
3 53
3 58
3 67
4 6
4 9
4 11
4 13
4 16
4 17
4 18
4 20
4 23
4 28
4 29
4 35
4 37
4 39
4 41
4 43
4 48
4 50
4 51
4 61
4 62
4 64
4 65
4 67
5 8
5 16
5 34
5 36
5 45
5 51
5 55
5 56
5 60
5 61
5 66
6 10
6 11
6 16
6 17
6 21
6 22
6 23
6 24
6 27
6 30
6 37
6 38
6 42
6 47
6 49
6 50
6 52
6 53
6 54
6 66
6 68
7 8
7 12
7 14
7 16
7 17
7 19
7 20
7 21
7 27
7 28
7 29
7 35
7 38
7 45
7 48
7 51
7 52
7 55
7 60
7 61
7 65
7 68
8 11
8 12
8 15
8 19
8 21
8 23
8 34
8 37
8 38
8 39
8 41
8 42
8 47
8 52
8 59
8 63
8 66
8 67
9 10
9 11
9 12
9 13
9 18
9 19
9 21
9 30
9 32
9 40
9 41
9 43
9 45
9 48
9 49
9 51
9 52
9 55
9 58
9 63
9 64
9 66
9 69
10 12
10 15
10 17
10 19
10 23
10 24
10 25
10 34
10 35
10 36
10 39
10 40
10 48
10 49
10 50
10 51
10 53
10 56
10 60
10 64
10 65
11 13
11 15
11 16
11 17
11 25
11 26
11 28
11 33
11 35
11 38
11 42
11 44
11 49
11 53
11 54
11 55
11 57
11 58
11 59
11 65
11 66
11 68
12 13
12 16
12 23
12 30
12 32
12 33
12 38
12 50
12 54
12 55
12 57
12 60
12 62
12 66
12 67
12 68
13 16
13 26
13 37
13 46
13 53
13 56
13 57
13 58
13 60
13 63
13 65
13 69
14 15
14 24
14 26
14 29
14 41
14 47
14 56
14 58
14 61
14 62
15 20
15 22
15 23
15 31
15 35
15 42
15 44
15 45
15 47
15 48
15 49
15 53
15 56
15 58
15 66
15 68
16 23
16 24
16 40
16 45
16 48
16 64
16 67
17 19
17 20
17 26
17 28
17 30
17 33
17 38
17 44
17 50
17 52
17 53
17 55
17 59
17 60
17 64
17 66
18 22
18 26
18 27
18 30
18 31
18 33
18 38
18 39
18 42
18 48
18 50
18 51
18 52
18 54
18 57
18 58
19 25
19 31
19 43
19 45
19 46
19 49
19 50
19 55
19 60
19 69
20 21
20 23
20 24
20 26
20 35
20 44
20 46
20 50
20 51
20 52
20 58
20 60
20 63
20 64
20 66
20 67
20 68
20 69
21 22
21 26
21 29
21 31
21 36
21 38
21 42
21 46
21 55
21 56
21 58
21 60
21 65
21 66
22 27
22 39
22 40
22 47
22 48
22 60
22 66
22 68
22 69
23 26
23 27
23 28
23 37
23 42
23 45
23 48
23 51
23 54
23 55
23 64
23 67
24 26
24 38
24 44
24 45
24 47
24 54
24 57
25 29
25 32
25 33
25 34
25 35
25 39
25 44
25 46
25 53
25 58
25 62
25 65
25 66
25 67
25 69
26 30
26 31
26 32
26 35
26 38
26 42
26 44
26 45
26 46
26 48
26 51
26 55
26 56
26 57
26 59
26 61
26 62
26 63
26 64
26 66
26 67
26 69
27 28
27 29
27 34
27 38
27 46
27 50
27 58
27 59
27 60
28 29
28 37
28 52
28 62
28 64
28 65
28 68
28 69
29 34
29 35
29 39
29 44
29 49
29 51
29 52
29 53
29 62
29 65
29 67
30 31
30 39
30 43
30 46
30 50
30 53
30 57
30 59
30 64
30 69
31 40
31 45
31 47
31 55
31 58
31 63
31 66
31 69
32 36
32 42
32 43
32 47
32 49
32 52
32 56
32 59
32 63
32 67
32 69
33 34
33 36
33 43
33 45
33 49
33 51
33 53
33 54
33 56
33 57
33 59
33 61
33 62
34 35
34 46
34 51
34 54
34 60
34 61
34 67
34 69
35 57
35 64
35 65
35 66
36 38
36 44
36 52
36 54
36 56
36 58
36 63
36 65
36 68
37 41
37 42
37 43
37 44
37 48
37 49
37 52
37 58
37 63
37 67
37 68
38 42
38 44
38 50
38 58
38 61
38 63
39 45
39 48
39 52
39 57
39 60
39 61
39 64
39 69
40 41
40 46
40 48
40 51
40 52
40 53
40 57
40 65
40 66
41 42
41 45
41 47
41 50
41 53
41 54
41 56
41 63
41 69
42 44
42 48
42 49
42 50
42 55
42 59
42 60
42 67
43 46
43 47
43 54
43 59
43 60
44 49
44 51
44 56
44 57
44 60
44 62
44 63
44 68
45 54
45 57
45 63
45 66
46 47
46 49
46 52
46 53
46 54
46 55
46 57
46 58
46 61
46 67
47 50
47 53
47 57
47 60
47 65
47 66
47 69
48 49
48 53
48 56
48 57
48 61
48 64
48 65
48 66
49 58
49 59
49 61
49 63
49 67
50 51
50 52
50 56
50 58
50 61
50 67
50 69
51 52
51 58
51 65
52 53
52 54
52 58
52 64
52 65
52 67
53 56
53 65
53 68
54 60
54 65
54 69
55 63
55 66
56 57
56 61
56 62
56 64
56 65
56 66
56 67
56 68
56 69
57 59
57 66
57 69
58 59
59 62
59 64
59 65
59 66
59 68
59 69
60 62
60 69
61 62
61 64
61 68
61 69
62 67
62 68
64 66
65 67
