%%/grafo-70-4-0.3
70 70 709
0 5
0 6
0 9
0 12
0 16
0 19
0 20
0 26
0 34
0 36
0 40
0 46
0 57
0 62
1 2
1 6
1 8
1 9
1 10
1 11
1 13
1 22
1 26
1 29
1 38
1 41
1 49
1 51
1 59
1 60
1 61
1 63
2 3
2 6
2 9
2 10
2 11
2 12
2 15
2 16
2 17
2 20
2 22
2 26
2 28
2 31
2 39
2 40
2 43
2 44
2 46
2 51
2 53
2 62
2 63
3 5
3 8
3 11
3 12
3 13
3 17
3 19
3 22
3 24
3 28
3 36
3 41
3 44
3 45
3 47
3 48
3 57
3 60
4 5
4 8
4 11
4 15
4 16
4 18
4 21
4 24
4 28
4 31
4 32
4 33
4 34
4 36
4 38
4 40
4 41
4 45
4 46
4 48
4 49
4 55
4 60
4 62
4 63
4 66
5 7
5 12
5 14
5 16
5 23
5 24
5 25
5 26
5 30
5 31
5 40
5 42
5 43
5 44
5 48
5 53
5 65
5 67
6 9
6 12
6 13
6 17
6 18
6 25
6 31
6 36
6 37
6 38
6 43
6 46
6 52
6 58
6 60
6 63
6 64
7 9
7 15
7 16
7 17
7 22
7 27
7 30
7 31
7 36
7 37
7 38
7 39
7 41
7 43
7 44
7 46
7 51
7 55
7 56
7 57
7 62
7 65
8 25
8 27
8 30
8 34
8 36
8 37
8 38
8 39
8 42
8 48
8 50
8 59
8 62
8 65
8 68
8 69
9 11
9 13
9 21
9 28
9 30
9 35
9 39
9 41
9 43
9 46
9 49
9 52
9 60
9 61
9 62
9 64
9 65
9 68
10 12
10 14
10 15
10 20
10 21
10 22
10 24
10 25
10 30
10 33
10 44
10 45
10 50
10 56
10 57
10 64
10 66
10 68
11 12
11 14
11 20
11 21
11 22
11 28
11 29
11 36
11 37
11 42
11 45
11 52
11 55
11 58
11 63
11 68
12 13
12 14
12 18
12 23
12 31
12 32
12 33
12 38
12 40
12 42
12 43
12 47
12 48
12 51
12 54
12 56
13 16
13 17
13 26
13 37
13 38
13 39
13 41
13 44
13 45
13 52
13 55
13 65
13 66
13 68
14 28
14 31
14 32
14 33
14 34
14 38
14 43
14 45
14 51
14 53
14 54
14 58
14 60
14 61
14 62
14 63
14 64
14 67
14 69
15 16
15 23
15 26
15 30
15 40
15 50
15 53
15 56
15 59
15 60
15 64
16 20
16 21
16 23
16 27
16 28
16 33
16 34
16 36
16 39
16 40
16 44
16 45
16 50
16 57
16 58
16 64
17 19
17 22
17 31
17 32
17 33
17 34
17 41
17 46
17 48
17 49
17 52
17 53
17 54
17 56
17 57
17 60
17 66
18 25
18 26
18 27
18 33
18 35
18 36
18 37
18 38
18 39
18 44
18 46
18 49
18 53
18 55
18 63
18 65
18 66
18 69
19 20
19 23
19 32
19 39
19 43
19 48
19 53
19 57
19 58
19 60
19 66
19 69
20 22
20 26
20 34
20 35
20 38
20 40
20 44
20 46
20 52
20 55
20 56
20 60
20 64
20 65
20 69
21 23
21 26
21 29
21 37
21 41
21 42
21 43
21 45
21 47
21 48
21 50
21 52
21 53
21 56
21 61
21 62
21 64
21 67
21 69
22 24
22 26
22 33
22 39
22 47
22 54
22 57
22 62
22 66
23 24
23 29
23 32
23 37
23 41
23 42
23 43
23 45
23 48
23 54
23 60
23 63
23 68
23 69
24 32
24 33
24 34
24 36
24 39
24 40
24 44
24 47
24 51
24 56
24 64
25 27
25 37
25 38
25 40
25 41
25 42
25 45
25 48
25 49
25 51
25 54
25 55
25 61
25 62
25 65
25 66
26 28
26 30
26 34
26 43
26 44
26 46
26 47
26 54
26 55
26 56
26 57
26 59
26 66
27 31
27 36
27 37
27 42
27 46
27 54
27 55
27 56
27 58
27 61
27 63
27 69
28 33
28 34
28 35
28 39
28 40
28 41
28 43
28 44
28 45
28 48
28 50
28 51
28 56
28 59
28 60
29 34
29 36
29 38
29 55
29 58
30 32
30 33
30 36
30 49
30 56
30 59
30 60
30 63
30 65
30 68
30 69
31 35
31 36
31 43
31 45
31 46
31 48
31 50
31 54
31 61
31 63
32 35
32 38
32 40
32 46
32 48
32 49
32 53
32 55
32 56
32 62
32 63
32 65
32 66
32 69
33 35
33 39
33 40
33 44
33 49
33 52
33 68
34 35
34 36
34 37
34 41
34 43
34 44
34 45
34 46
34 50
34 53
34 54
34 57
34 58
34 60
34 67
35 36
35 38
35 39
35 40
35 43
35 44
35 45
35 48
35 50
35 51
35 54
35 60
35 63
35 67
36 39
36 45
36 47
36 50
36 51
36 52
36 54
36 60
37 38
37 39
37 40
37 44
37 47
37 55
37 60
37 61
37 64
37 67
37 69
38 40
38 49
38 50
38 54
38 64
38 65
38 66
38 69
39 43
39 49
39 52
39 55
39 57
39 58
39 60
39 64
39 66
39 67
39 68
39 69
40 43
40 48
40 50
40 53
40 58
40 61
40 64
40 66
40 68
41 43
41 45
41 47
41 61
41 67
41 69
42 46
42 50
42 53
42 54
42 56
42 61
42 62
42 66
43 46
43 48
43 53
43 56
43 57
43 59
43 60
43 62
43 65
43 69
44 48
44 53
44 55
44 57
44 58
44 64
44 67
44 69
45 48
45 50
45 59
45 60
45 62
45 69
46 52
46 57
46 62
46 63
46 66
46 67
46 69
47 49
47 50
47 58
47 59
47 67
48 50
48 54
48 59
48 61
48 62
48 63
48 68
48 69
49 57
49 58
49 62
49 63
49 67
50 57
50 59
50 64
50 67
50 68
51 55
51 56
51 57
51 58
51 69
52 57
52 58
52 63
52 64
52 65
52 66
53 55
53 57
53 59
53 63
54 61
54 63
54 66
55 58
55 59
55 66
55 68
56 57
56 58
56 59
56 66
57 60
58 60
58 63
58 65
58 67
58 68
59 60
59 64
59 67
60 66
60 69
61 63
61 68
62 64
62 65
63 64
63 67
66 67
67 69
68 69
