%%/grafo-70-9-0.3
70 70 738
0 12
0 16
0 17
0 19
0 20
0 23
0 25
0 27
0 29
0 30
0 37
0 40
0 41
0 42
0 43
0 46
0 47
0 50
0 56
0 58
0 60
0 61
0 63
0 64
0 67
1 7
1 8
1 22
1 23
1 28
1 29
1 33
1 36
1 37
1 40
1 43
1 44
1 47
1 51
1 52
1 54
1 57
1 62
1 65
1 66
1 67
1 69
2 3
2 4
2 6
2 8
2 10
2 13
2 14
2 15
2 16
2 17
2 26
2 39
2 41
2 50
2 53
2 56
2 58
2 61
2 62
3 12
3 19
3 30
3 35
3 38
3 47
3 49
3 51
3 54
3 58
3 59
3 60
3 62
4 9
4 11
4 17
4 25
4 27
4 32
4 34
4 35
4 38
4 42
4 45
4 50
4 52
4 54
4 57
4 60
4 61
4 68
5 6
5 7
5 13
5 14
5 16
5 17
5 23
5 24
5 26
5 33
5 36
5 37
5 49
5 51
5 53
5 55
5 62
5 63
5 67
5 68
6 10
6 13
6 14
6 20
6 22
6 27
6 30
6 34
6 37
6 38
6 39
6 40
6 41
6 47
6 56
6 57
6 62
6 63
6 67
7 8
7 10
7 16
7 19
7 20
7 30
7 32
7 35
7 36
7 38
7 45
7 48
7 50
7 52
7 55
7 56
7 60
7 66
8 13
8 20
8 21
8 23
8 24
8 31
8 33
8 36
8 37
8 39
8 44
8 45
8 46
8 47
8 48
8 49
8 60
8 61
8 62
8 63
8 69
9 11
9 18
9 19
9 20
9 23
9 24
9 27
9 32
9 35
9 36
9 38
9 40
9 41
9 43
9 46
9 50
9 51
9 52
9 59
9 63
9 64
9 65
10 13
10 17
10 20
10 28
10 31
10 42
10 44
10 50
10 54
10 59
10 62
10 63
10 69
11 12
11 15
11 26
11 27
11 28
11 32
11 35
11 36
11 37
11 44
11 45
11 48
11 54
11 55
11 58
11 60
11 62
11 63
11 68
12 13
12 16
12 20
12 24
12 30
12 32
12 34
12 36
12 37
12 41
12 42
12 46
12 48
12 50
12 55
12 56
12 58
12 60
12 62
12 66
12 67
13 14
13 16
13 17
13 19
13 20
13 21
13 22
13 27
13 28
13 30
13 31
13 34
13 36
13 38
13 39
13 40
13 41
13 43
13 44
13 46
13 49
13 50
13 51
13 55
13 59
13 62
13 65
13 66
13 68
14 17
14 22
14 23
14 25
14 31
14 33
14 44
14 45
14 47
14 50
14 55
14 60
14 65
14 66
15 17
15 18
15 19
15 21
15 23
15 24
15 25
15 27
15 28
15 35
15 37
15 39
15 42
15 45
15 51
15 52
15 56
15 58
15 61
16 20
16 30
16 31
16 32
16 33
16 34
16 35
16 36
16 37
16 39
16 46
16 58
16 60
17 26
17 28
17 29
17 33
17 35
17 36
17 37
17 40
17 43
17 44
17 45
17 46
17 47
17 55
17 58
17 61
17 64
17 66
17 67
17 68
17 69
18 19
18 20
18 25
18 26
18 28
18 31
18 32
18 38
18 40
18 41
18 42
18 49
18 53
18 54
18 57
18 62
18 63
18 65
18 66
19 20
19 23
19 25
19 33
19 34
19 42
19 48
19 49
19 55
19 58
19 62
19 65
19 66
19 67
20 22
20 25
20 26
20 37
20 40
20 47
20 48
20 49
20 50
20 52
20 54
20 61
20 63
20 64
20 65
20 66
20 68
21 24
21 25
21 35
21 44
21 59
21 60
22 24
22 27
22 33
22 40
22 44
22 49
22 50
22 54
22 56
22 57
22 60
22 63
23 29
23 37
23 39
23 40
23 44
23 47
23 49
23 53
23 54
23 59
24 27
24 38
24 41
24 42
24 44
24 53
24 56
24 63
24 69
25 29
25 30
25 38
25 39
25 41
25 43
25 46
25 48
25 49
25 52
25 55
25 57
25 62
25 64
26 27
26 37
26 40
26 44
26 46
26 50
26 51
26 54
26 60
26 64
26 66
26 68
27 29
27 36
27 39
27 41
27 45
27 46
27 47
27 49
27 50
27 55
27 57
27 61
27 62
28 31
28 34
28 35
28 40
28 43
28 44
28 51
28 54
28 59
28 64
29 31
29 37
29 38
29 46
29 47
29 48
29 51
29 54
29 58
29 59
29 62
29 63
29 66
29 67
29 69
30 31
30 32
30 33
30 34
30 37
30 38
30 45
30 46
30 55
30 63
30 64
30 68
31 32
31 36
31 38
31 42
31 51
31 53
31 59
31 62
31 63
31 67
31 69
32 33
32 37
32 41
32 42
32 46
32 47
32 48
32 49
32 50
32 51
32 55
32 56
32 60
32 63
32 64
32 65
32 67
33 35
33 37
33 38
33 39
33 44
33 47
33 48
33 50
33 51
33 53
33 56
33 59
33 61
33 63
33 65
34 38
34 41
34 43
34 45
34 47
34 50
34 57
34 60
34 63
35 39
35 40
35 45
35 46
35 48
35 52
35 53
35 57
35 59
35 60
35 61
35 64
35 68
36 47
36 49
36 50
36 52
36 57
36 59
36 67
36 68
36 69
37 41
37 42
37 43
37 44
37 45
37 49
37 50
37 54
37 57
37 58
37 66
37 67
38 39
38 40
38 41
38 48
38 54
38 55
38 61
38 64
38 66
38 69
39 47
39 48
39 49
39 50
39 51
39 52
39 54
39 56
39 57
39 58
39 63
39 66
40 41
40 48
40 53
40 55
40 58
40 60
40 62
40 65
40 69
41 48
41 55
41 58
41 62
41 63
41 64
41 66
42 44
42 47
42 51
42 58
42 59
43 48
43 52
43 53
43 55
43 57
43 58
43 61
43 62
43 66
43 69
44 50
44 54
44 56
44 62
44 64
44 65
44 69
45 51
45 53
45 55
45 58
45 66
46 47
46 50
46 53
46 56
46 57
46 62
46 66
47 52
47 53
47 60
47 64
47 65
47 66
47 67
48 49
48 50
48 63
48 64
48 65
48 66
49 57
49 63
49 67
50 55
50 59
50 61
51 54
51 56
51 58
51 59
51 62
51 64
51 65
51 69
52 53
52 54
52 56
52 57
52 62
52 69
53 62
53 63
53 64
53 66
53 67
54 56
54 57
54 62
54 63
54 64
54 68
55 60
55 61
55 62
55 65
55 66
56 57
56 64
56 68
57 62
57 66
57 68
58 61
58 62
58 66
58 69
59 68
60 63
60 67
61 68
62 69
63 67
64 66
65 67
65 68
66 68
67 69
68 69
