%%/grafo-70-3-0.3
70 70 737
0 2
0 3
0 5
0 8
0 11
0 16
0 18
0 21
0 22
0 28
0 32
0 34
0 37
0 39
0 46
0 50
0 51
0 52
0 55
0 58
0 59
0 62
0 67
1 2
1 3
1 6
1 9
1 14
1 16
1 17
1 19
1 20
1 23
1 25
1 29
1 33
1 39
1 44
1 45
1 48
1 59
1 63
1 68
1 69
2 3
2 6
2 10
2 14
2 15
2 16
2 25
2 27
2 34
2 36
2 37
2 38
2 40
2 43
2 49
2 52
2 53
2 54
2 55
2 57
2 59
2 62
2 66
2 67
2 69
3 5
3 6
3 10
3 14
3 30
3 31
3 35
3 47
3 48
3 51
3 52
3 61
3 68
4 6
4 11
4 13
4 14
4 15
4 20
4 21
4 29
4 33
4 38
4 40
4 43
4 44
4 45
4 46
4 48
4 51
4 57
4 65
4 68
5 7
5 8
5 9
5 13
5 23
5 25
5 28
5 29
5 31
5 32
5 35
5 36
5 39
5 42
5 43
5 50
5 52
5 53
5 56
5 57
5 67
6 16
6 18
6 26
6 31
6 33
6 35
6 42
6 45
6 48
6 50
6 53
6 54
6 57
6 58
6 61
6 62
6 66
6 69
7 16
7 19
7 25
7 39
7 45
7 52
7 54
7 55
7 59
7 62
7 64
7 68
8 10
8 11
8 14
8 18
8 19
8 23
8 29
8 35
8 37
8 41
8 44
8 48
8 49
8 50
8 52
8 53
8 56
8 58
8 61
8 64
8 66
9 11
9 14
9 15
9 19
9 25
9 33
9 37
9 38
9 41
9 43
9 45
9 46
9 47
9 49
9 50
9 51
9 52
9 53
9 57
9 58
9 60
9 64
9 65
10 21
10 34
10 35
10 36
10 37
10 43
10 44
10 50
10 55
10 65
10 67
11 17
11 22
11 27
11 28
11 31
11 32
11 33
11 37
11 38
11 40
11 43
11 45
11 47
11 53
11 55
11 57
11 59
11 61
11 63
11 65
11 66
12 16
12 20
12 26
12 27
12 33
12 34
12 35
12 36
12 39
12 46
12 48
12 49
12 54
12 56
12 59
12 64
12 65
12 67
12 69
13 15
13 16
13 17
13 20
13 21
13 22
13 24
13 36
13 44
13 48
13 52
13 53
13 56
13 57
13 58
13 63
13 65
13 66
13 67
13 68
13 69
14 19
14 26
14 27
14 31
14 34
14 36
14 37
14 38
14 40
14 44
14 52
14 55
14 56
14 60
14 65
15 17
15 18
15 20
15 25
15 28
15 32
15 33
15 38
15 39
15 41
15 44
15 49
15 53
15 60
15 63
15 66
15 69
16 22
16 28
16 29
16 31
16 37
16 43
16 44
16 47
16 49
16 56
16 58
16 62
16 68
17 25
17 26
17 27
17 39
17 40
17 58
17 59
17 61
17 64
18 19
18 20
18 30
18 39
18 40
18 42
18 45
18 47
18 49
18 52
18 53
18 56
18 58
18 63
18 65
18 66
18 67
19 26
19 27
19 29
19 30
19 33
19 34
19 42
19 52
19 54
19 56
19 58
19 61
19 64
20 22
20 26
20 27
20 35
20 36
20 37
20 39
20 42
20 51
20 52
20 59
20 64
20 65
20 68
21 26
21 27
21 30
21 32
21 33
21 35
21 38
21 46
21 47
21 49
21 51
21 57
21 60
21 62
21 66
21 68
21 69
22 24
22 25
22 26
22 28
22 29
22 32
22 36
22 37
22 42
22 45
22 52
22 57
22 61
22 69
23 27
23 28
23 29
23 30
23 37
23 38
23 44
23 46
23 49
23 50
23 51
23 52
23 60
23 61
23 68
24 25
24 27
24 29
24 31
24 35
24 42
24 44
24 49
24 50
24 51
24 54
24 55
24 57
24 65
24 66
24 68
24 69
25 31
25 40
25 42
25 49
25 52
25 55
25 56
25 58
25 62
26 27
26 31
26 32
26 36
26 37
26 39
26 42
26 46
26 53
26 54
26 60
26 61
26 66
27 28
27 29
27 32
27 33
27 34
27 35
27 39
27 49
27 54
27 59
27 60
27 64
27 65
27 66
27 68
27 69
28 34
28 35
28 37
28 42
28 46
28 52
28 53
28 54
28 59
28 61
28 62
28 65
28 67
28 68
29 32
29 34
29 38
29 39
29 40
29 41
29 42
29 50
29 52
29 54
29 55
29 57
29 58
29 59
29 61
30 35
30 37
30 40
30 42
30 43
30 44
30 47
30 48
30 50
30 51
30 57
30 62
30 63
30 68
31 32
31 33
31 34
31 35
31 39
31 40
31 43
31 47
31 52
31 57
31 58
31 64
31 66
32 33
32 42
32 46
32 52
32 53
32 56
32 58
32 59
32 61
32 63
32 68
32 69
33 35
33 36
33 37
33 41
33 42
33 43
33 48
33 49
33 50
33 52
33 54
33 55
33 58
33 59
33 66
33 67
34 35
34 43
34 45
34 48
34 52
34 55
34 56
34 60
34 68
35 37
35 38
35 39
35 40
35 43
35 44
35 45
35 46
35 49
35 60
35 61
35 62
35 63
35 64
35 66
36 42
36 45
36 46
36 48
36 50
36 52
36 53
36 54
36 57
36 59
36 61
36 62
36 64
36 66
36 67
37 44
37 46
37 51
37 52
37 57
37 63
37 68
38 45
38 53
38 55
38 57
38 58
38 59
38 60
38 66
38 67
38 69
39 40
39 42
39 43
39 45
39 50
39 52
39 64
39 65
39 66
39 67
39 68
40 43
40 47
40 53
40 56
40 58
40 59
40 61
40 69
41 43
41 57
41 58
41 67
41 69
42 44
42 45
42 48
42 55
42 59
42 65
42 68
42 69
43 48
43 50
43 60
43 61
43 68
44 45
44 46
44 53
44 56
44 63
44 64
44 67
44 69
45 50
45 53
45 58
45 67
46 54
46 55
46 58
46 62
46 69
47 54
47 59
47 62
47 63
47 69
48 53
48 54
48 57
48 60
49 55
49 56
49 57
49 62
49 63
49 65
49 68
50 52
50 55
50 56
50 57
50 59
50 63
50 66
51 52
51 53
51 56
51 62
51 66
51 68
52 55
52 56
52 62
52 63
52 64
52 67
52 68
53 54
53 62
53 65
53 66
54 58
54 62
54 63
54 64
54 67
55 56
55 57
55 59
55 64
55 66
55 68
55 69
56 57
56 63
56 68
57 58
57 59
57 63
58 60
59 60
59 66
59 68
60 61
61 64
61 65
61 67
61 68
62 66
63 66
63 67
63 68
64 66
64 68
67 69
68 69
