%%/grafo-70-1-0.3
70 70 717
0 3
0 6
0 13
0 15
0 18
0 20
0 23
0 26
0 30
0 32
0 33
0 34
0 35
0 38
0 40
0 42
0 44
0 47
0 50
0 65
0 66
1 4
1 5
1 7
1 11
1 13
1 15
1 21
1 24
1 27
1 29
1 31
1 32
1 34
1 39
1 44
1 47
1 51
1 55
1 60
1 61
1 66
2 3
2 10
2 16
2 18
2 19
2 23
2 25
2 36
2 37
2 42
2 46
2 48
2 49
2 53
2 57
2 58
2 64
2 66
2 67
3 7
3 8
3 10
3 12
3 13
3 15
3 16
3 19
3 20
3 25
3 32
3 35
3 39
3 46
3 48
3 49
3 50
3 51
3 56
3 57
3 59
3 63
3 65
3 67
4 6
4 9
4 11
4 16
4 19
4 24
4 25
4 26
4 27
4 29
4 33
4 35
4 36
4 41
4 44
4 47
4 48
4 53
4 56
4 62
4 63
4 69
5 6
5 8
5 10
5 12
5 13
5 22
5 29
5 30
5 50
5 53
5 63
6 8
6 14
6 15
6 17
6 20
6 22
6 26
6 29
6 35
6 36
6 38
6 40
6 48
6 50
6 52
6 53
6 58
6 61
6 62
6 63
6 65
6 67
7 9
7 10
7 11
7 13
7 16
7 17
7 18
7 21
7 26
7 30
7 32
7 43
7 46
7 51
7 53
7 54
7 56
7 58
7 68
8 12
8 16
8 19
8 24
8 25
8 33
8 34
8 39
8 41
8 42
8 43
8 45
8 47
8 49
8 52
8 54
8 56
8 58
8 59
8 63
8 66
9 11
9 14
9 17
9 21
9 25
9 27
9 30
9 37
9 39
9 40
9 42
9 44
9 45
9 50
9 53
9 54
9 56
9 57
9 61
9 63
9 64
10 12
10 13
10 15
10 22
10 28
10 29
10 43
10 44
10 47
10 50
10 51
10 58
10 63
11 18
11 26
11 28
11 31
11 33
11 36
11 37
11 40
11 41
11 47
11 48
11 49
11 50
11 54
11 55
11 58
11 67
12 15
12 18
12 21
12 22
12 29
12 31
12 33
12 38
12 44
12 45
12 48
12 53
12 54
12 56
12 59
12 65
13 18
13 19
13 20
13 21
13 22
13 23
13 24
13 27
13 28
13 30
13 33
13 36
13 38
13 43
13 44
13 45
13 51
13 54
13 57
13 62
13 64
13 65
13 67
13 68
14 15
14 17
14 18
14 19
14 22
14 25
14 28
14 45
14 46
14 47
14 48
14 50
14 58
14 60
14 61
14 62
14 63
14 66
14 68
15 17
15 20
15 23
15 26
15 28
15 29
15 31
15 34
15 37
15 39
15 42
15 51
15 53
15 60
15 65
15 68
16 18
16 20
16 26
16 29
16 31
16 32
16 35
16 40
16 49
16 52
16 53
16 60
16 62
16 63
16 64
16 65
16 69
17 18
17 19
17 31
17 32
17 36
17 42
17 44
17 45
17 50
17 56
17 58
17 61
17 63
17 66
17 69
18 21
18 25
18 28
18 31
18 32
18 33
18 35
18 47
18 49
18 54
18 56
18 58
18 61
18 64
18 68
19 30
19 33
19 35
19 36
19 37
19 38
19 42
19 43
19 44
19 45
19 49
19 56
19 59
19 60
19 67
19 69
20 25
20 29
20 33
20 36
20 40
20 41
20 43
20 44
20 46
20 48
20 49
20 50
20 53
20 60
20 66
21 24
21 26
21 28
21 29
21 32
21 33
21 35
21 39
21 41
21 42
21 45
21 52
21 54
21 62
22 24
22 26
22 27
22 31
22 34
22 38
22 43
22 49
22 57
22 58
22 61
22 69
23 25
23 26
23 30
23 36
23 38
23 42
23 44
23 45
23 46
23 49
23 51
23 54
23 58
23 60
23 64
23 65
23 66
24 25
24 29
24 30
24 31
24 41
24 42
24 44
24 47
24 48
24 49
24 53
24 61
24 64
25 31
25 36
25 37
25 40
25 43
25 52
25 57
25 58
25 60
25 62
25 65
25 66
25 68
25 69
26 30
26 31
26 39
26 40
26 41
26 44
26 46
26 50
26 54
26 58
26 61
26 64
26 66
26 68
27 32
27 34
27 40
27 42
27 48
27 49
27 51
27 52
27 58
27 62
27 66
28 35
28 36
28 37
28 42
28 47
28 49
28 53
28 56
28 61
28 64
28 66
29 31
29 37
29 44
29 46
29 51
29 53
29 62
29 64
29 65
30 37
30 38
30 40
30 44
30 45
30 46
30 54
30 58
30 61
30 62
30 63
30 64
30 65
30 68
31 39
31 40
31 44
31 45
31 47
31 49
31 57
31 58
31 59
31 61
31 62
31 63
32 38
32 40
32 41
32 47
32 51
32 52
32 53
32 55
32 56
32 57
32 63
32 69
33 34
33 36
33 37
33 39
33 43
33 47
33 48
33 49
33 55
33 58
33 60
33 65
33 68
34 35
34 36
34 46
34 47
34 50
34 54
34 64
34 66
34 68
34 69
35 44
35 46
35 53
35 55
35 59
35 62
35 67
35 69
36 46
36 51
36 59
36 62
36 68
37 44
37 45
37 46
37 51
37 55
37 68
38 46
38 48
38 50
38 53
38 57
38 60
38 62
38 64
38 66
39 44
39 46
39 47
39 49
39 52
39 55
39 60
39 62
39 63
39 64
39 68
40 41
40 52
40 56
40 64
41 43
41 44
41 45
41 48
41 49
41 52
41 54
41 57
41 63
41 65
41 66
41 67
42 46
42 48
42 50
42 52
42 56
42 58
42 62
42 63
42 68
43 45
43 46
43 48
43 51
43 56
43 57
43 59
43 60
43 66
44 47
44 48
44 53
44 54
44 55
44 62
44 67
45 52
45 56
45 58
45 60
45 64
46 52
46 56
46 57
46 58
46 60
46 62
46 63
46 65
46 67
47 48
47 50
47 52
47 60
48 49
48 50
48 51
48 52
48 53
48 56
48 61
48 62
48 66
49 51
49 53
49 58
49 59
49 66
49 68
49 69
50 54
50 55
50 63
50 64
50 65
50 67
51 52
51 53
51 56
51 60
51 67
51 68
52 58
52 59
52 64
52 69
53 58
53 61
54 59
54 60
55 56
55 60
55 69
56 57
56 63
56 66
57 61
57 66
57 68
58 63
58 64
58 66
59 63
59 64
59 67
60 64
60 65
60 68
61 65
61 67
62 64
66 69
67 68
