%%/grafo-70-6-0.3
70 70 742
0 4
0 9
0 17
0 22
0 23
0 28
0 29
0 31
0 34
0 36
0 38
0 43
0 47
0 49
0 52
0 56
0 59
0 64
0 67
0 69
1 3
1 12
1 17
1 19
1 27
1 28
1 34
1 40
1 41
1 47
1 49
1 50
1 52
1 53
1 54
1 55
1 58
1 59
1 67
1 69
2 3
2 4
2 9
2 10
2 12
2 13
2 16
2 17
2 18
2 22
2 25
2 46
2 48
2 59
2 60
2 63
2 65
2 69
3 8
3 9
3 10
3 11
3 15
3 18
3 21
3 31
3 40
3 44
3 45
3 48
3 54
3 55
3 57
3 60
3 61
3 62
3 63
3 68
4 6
4 8
4 11
4 14
4 15
4 18
4 19
4 24
4 27
4 28
4 31
4 32
4 33
4 35
4 45
4 48
4 51
4 52
4 56
4 58
4 61
4 64
5 6
5 9
5 10
5 11
5 12
5 14
5 24
5 28
5 29
5 34
5 35
5 41
5 45
5 49
5 53
5 56
5 57
5 61
5 63
5 64
5 68
5 69
6 10
6 11
6 14
6 19
6 21
6 27
6 28
6 29
6 33
6 40
6 45
6 48
6 53
6 57
6 58
6 60
7 10
7 14
7 16
7 18
7 28
7 31
7 37
7 41
7 46
7 61
7 65
7 67
7 69
8 14
8 15
8 16
8 18
8 22
8 25
8 27
8 28
8 29
8 31
8 33
8 36
8 44
8 51
8 52
8 54
8 60
8 66
8 69
9 10
9 11
9 20
9 22
9 23
9 25
9 27
9 31
9 38
9 40
9 44
9 47
9 48
9 55
9 63
9 64
9 66
9 67
9 68
10 11
10 13
10 14
10 16
10 19
10 20
10 24
10 25
10 27
10 30
10 32
10 48
10 49
10 50
10 55
10 56
10 57
10 59
10 66
10 68
11 14
11 16
11 24
11 27
11 28
11 35
11 41
11 42
11 43
11 44
11 46
11 51
11 55
11 61
12 18
12 22
12 28
12 31
12 32
12 33
12 34
12 35
12 36
12 39
12 41
12 43
12 46
12 49
12 51
12 52
12 54
12 58
12 62
12 66
12 69
13 17
13 23
13 26
13 30
13 32
13 33
13 34
13 35
13 37
13 41
13 48
13 53
13 57
13 62
13 65
14 21
14 22
14 25
14 32
14 37
14 39
14 40
14 43
14 44
14 45
14 46
14 48
14 49
14 52
14 53
14 54
14 55
14 63
14 65
14 68
14 69
15 18
15 20
15 24
15 26
15 27
15 29
15 32
15 33
15 34
15 35
15 41
15 52
15 53
15 54
15 56
15 57
15 59
15 65
15 69
16 17
16 20
16 21
16 30
16 32
16 34
16 36
16 37
16 39
16 45
16 53
16 54
16 56
16 62
16 63
16 65
16 68
17 18
17 34
17 36
17 38
17 39
17 40
17 42
17 43
17 45
17 49
17 54
17 56
17 60
17 63
17 65
18 19
18 23
18 27
18 29
18 36
18 40
18 43
18 48
18 51
18 54
18 55
18 57
18 59
18 61
18 66
18 67
19 22
19 23
19 25
19 27
19 28
19 29
19 34
19 35
19 49
19 51
19 54
19 58
19 62
19 64
19 65
19 66
20 21
20 28
20 29
20 30
20 31
20 37
20 38
20 49
20 55
20 58
20 61
20 65
20 67
20 69
21 26
21 27
21 31
21 39
21 51
21 54
21 58
21 59
21 62
21 64
21 65
22 25
22 26
22 31
22 32
22 35
22 36
22 37
22 38
22 41
22 42
22 47
22 49
22 54
22 55
22 62
22 66
22 67
22 68
22 69
23 29
23 30
23 34
23 35
23 41
23 48
23 51
23 52
23 56
23 58
23 60
23 63
24 27
24 43
24 44
24 45
24 53
24 59
24 61
24 65
24 66
24 68
24 69
25 26
25 30
25 33
25 34
25 35
25 36
25 37
25 40
25 45
25 46
25 47
25 54
25 56
25 57
25 58
25 60
25 61
25 62
26 27
26 31
26 33
26 35
26 37
26 38
26 45
26 46
26 47
26 50
26 51
26 53
26 55
26 58
26 60
26 62
26 66
26 67
26 68
27 31
27 33
27 36
27 39
27 44
27 45
27 55
28 36
28 37
28 39
28 40
28 44
28 45
28 46
28 52
28 54
28 60
28 63
28 67
29 31
29 32
29 35
29 36
29 37
29 41
29 42
29 43
29 48
29 50
29 54
29 55
29 57
29 59
29 61
29 64
29 69
30 33
30 35
30 38
30 45
30 48
30 51
30 52
30 59
30 61
30 64
30 67
31 32
31 34
31 36
31 40
31 42
31 55
31 62
31 64
31 68
32 35
32 36
32 37
32 38
32 45
32 46
32 51
32 52
32 53
32 56
32 58
32 63
32 65
32 69
33 38
33 44
33 49
33 52
33 53
33 56
33 60
33 62
33 65
33 68
34 35
34 36
34 39
34 40
34 48
34 51
34 52
34 55
34 64
34 65
34 67
35 37
35 40
35 41
35 42
35 48
35 49
35 51
35 52
35 55
35 57
35 62
35 65
36 38
36 40
36 44
36 48
36 49
36 50
36 56
36 57
36 58
36 65
36 66
37 38
37 44
37 49
37 53
37 56
37 57
37 58
37 60
37 61
37 64
37 68
38 40
38 42
38 43
38 44
38 45
38 48
38 58
38 61
38 62
38 63
38 64
38 65
38 67
38 69
39 40
39 42
39 44
39 47
39 50
39 51
39 52
39 53
39 54
39 56
39 58
39 61
39 62
39 64
39 68
39 69
40 46
40 49
40 50
40 57
40 58
40 59
40 61
40 66
41 43
41 44
41 47
41 49
41 50
41 51
41 56
41 58
41 61
41 65
41 68
42 49
42 52
42 53
42 61
42 65
43 44
43 45
43 60
43 61
43 66
43 67
43 68
44 50
44 57
44 65
44 67
44 69
45 48
45 52
45 55
45 56
45 59
45 62
45 67
45 69
46 58
46 61
46 62
46 65
46 66
47 48
47 61
47 63
47 66
48 52
48 53
48 60
48 62
48 65
48 69
49 52
49 53
49 61
49 65
49 69
50 53
50 54
50 59
50 64
50 66
51 52
51 66
51 67
52 53
52 54
52 55
52 57
52 61
52 62
52 64
52 65
53 56
53 61
53 62
53 68
54 58
54 66
54 67
54 68
54 69
55 60
55 62
55 63
55 64
56 57
56 67
57 63
57 64
57 68
57 69
58 59
58 64
58 66
59 61
59 63
59 67
60 61
60 63
60 67
60 68
60 69
62 63
62 65
62 66
63 69
64 67
64 68
66 67
66 69
67 68
67 69
