%%/grafo-70-8-0.3
70 70 750
0 3
0 7
0 11
0 15
0 19
0 22
0 24
0 25
0 26
0 27
0 28
0 30
0 31
0 33
0 34
0 35
0 36
0 37
0 44
0 45
0 46
0 52
0 53
0 55
0 56
0 64
0 66
1 3
1 6
1 8
1 14
1 15
1 17
1 18
1 19
1 21
1 23
1 24
1 30
1 31
1 39
1 46
1 47
1 55
1 58
1 60
1 66
1 67
2 3
2 7
2 8
2 10
2 16
2 19
2 27
2 30
2 36
2 37
2 40
2 43
2 45
2 47
2 50
2 54
2 61
2 63
2 65
2 69
3 5
3 7
3 9
3 11
3 16
3 23
3 26
3 30
3 31
3 32
3 37
3 45
3 50
3 52
3 55
3 58
3 65
3 67
3 68
3 69
4 8
4 11
4 13
4 16
4 18
4 27
4 28
4 36
4 38
4 42
4 46
4 52
4 53
4 60
4 63
4 64
4 66
4 67
5 12
5 23
5 25
5 30
5 32
5 35
5 41
5 42
5 43
5 48
5 53
5 55
5 57
5 58
5 61
5 63
5 64
5 65
5 66
6 13
6 14
6 15
6 18
6 19
6 28
6 29
6 34
6 35
6 36
6 41
6 42
6 46
6 55
6 56
6 61
6 64
7 12
7 15
7 16
7 20
7 21
7 23
7 24
7 33
7 39
7 41
7 45
7 51
7 54
7 55
7 60
7 65
7 69
8 12
8 14
8 18
8 22
8 29
8 31
8 36
8 56
8 60
8 64
8 65
8 67
9 10
9 11
9 27
9 28
9 39
9 51
9 53
9 56
9 57
9 62
9 64
9 65
9 66
9 67
10 11
10 18
10 20
10 21
10 22
10 23
10 25
10 31
10 34
10 39
10 42
10 43
10 46
10 50
10 51
10 52
10 53
10 61
10 62
10 66
10 68
11 12
11 15
11 18
11 19
11 20
11 21
11 22
11 28
11 29
11 30
11 31
11 38
11 40
11 42
11 46
11 49
11 55
11 56
11 61
11 66
11 67
12 14
12 24
12 29
12 39
12 41
12 49
12 58
12 68
12 69
13 14
13 18
13 26
13 28
13 30
13 32
13 33
13 34
13 35
13 37
13 40
13 45
13 46
13 48
13 49
13 54
13 55
13 59
13 65
13 67
14 15
14 19
14 23
14 25
14 26
14 29
14 33
14 34
14 37
14 38
14 45
14 53
14 66
14 67
14 69
15 16
15 21
15 24
15 27
15 29
15 30
15 32
15 34
15 37
15 40
15 43
15 46
15 47
15 48
15 52
15 58
15 59
15 66
15 68
16 17
16 20
16 27
16 33
16 45
16 47
16 48
16 49
16 50
16 51
16 63
16 67
17 18
17 19
17 22
17 25
17 26
17 27
17 34
17 36
17 39
17 42
17 48
17 51
17 61
17 64
17 65
18 22
18 27
18 30
18 35
18 42
18 43
18 44
18 46
18 47
18 50
18 51
18 59
18 61
18 67
19 20
19 27
19 28
19 29
19 30
19 32
19 37
19 40
19 43
19 45
19 51
19 56
19 64
19 65
19 69
20 24
20 26
20 28
20 30
20 31
20 33
20 36
20 38
20 41
20 44
20 49
20 53
20 54
20 56
20 57
20 64
20 68
20 69
21 22
21 23
21 25
21 27
21 34
21 36
21 37
21 39
21 45
21 47
21 48
21 50
21 54
21 58
21 69
22 25
22 28
22 30
22 32
22 35
22 36
22 37
22 40
22 41
22 43
22 46
22 47
22 49
22 55
22 58
22 59
22 60
22 62
22 64
22 68
23 24
23 27
23 32
23 33
23 35
23 36
23 42
23 46
23 48
23 52
23 63
23 64
23 66
23 68
24 25
24 29
24 30
24 35
24 36
24 37
24 40
24 44
24 50
24 53
24 56
24 60
24 64
24 66
24 68
25 29
25 31
25 32
25 34
25 39
25 48
25 50
25 53
25 54
25 61
25 62
25 63
25 67
25 68
25 69
26 29
26 30
26 32
26 39
26 41
26 46
26 47
26 49
26 55
26 63
26 66
26 68
26 69
27 28
27 32
27 40
27 42
27 48
27 49
27 58
27 59
27 68
28 36
28 45
28 49
28 50
28 51
28 56
28 58
28 64
28 66
28 69
29 30
29 31
29 32
29 33
29 36
29 41
29 42
29 44
29 50
29 52
29 53
29 57
29 60
29 61
29 63
29 64
29 65
30 32
30 35
30 39
30 40
30 42
30 44
30 48
30 51
30 53
30 55
30 56
30 57
30 59
31 34
31 35
31 42
31 43
31 48
31 51
31 53
31 54
31 55
31 57
31 60
31 61
31 62
31 64
31 67
31 68
31 69
32 33
32 37
32 45
32 51
32 56
32 58
32 60
32 63
32 64
32 66
32 67
32 69
33 34
33 37
33 45
33 51
33 56
33 58
33 61
33 62
33 65
33 67
34 38
34 41
34 47
34 48
34 52
34 53
34 55
34 58
34 66
35 37
35 41
35 46
35 49
35 61
35 63
35 64
35 67
36 40
36 42
36 43
36 46
36 47
36 48
36 49
36 51
36 55
36 62
36 63
36 66
36 67
36 69
37 44
37 45
37 48
37 50
37 52
37 54
37 55
37 56
37 65
37 66
37 69
38 44
38 46
38 48
38 56
38 57
38 60
38 64
38 67
39 40
39 46
39 47
39 48
39 49
39 51
39 52
39 54
39 55
39 69
40 41
40 42
40 48
40 53
40 55
40 60
40 62
40 66
41 42
41 46
41 47
41 51
41 53
41 56
41 57
41 64
42 44
42 46
42 49
42 51
42 56
42 59
42 61
42 68
43 47
43 50
43 51
43 52
43 53
43 54
43 55
43 56
43 62
43 66
44 45
44 48
44 55
44 56
44 57
44 64
44 65
44 68
45 46
45 47
45 50
45 51
45 52
45 54
45 56
45 57
45 61
45 66
45 67
45 68
46 53
46 55
46 61
46 62
46 63
46 64
46 69
47 52
47 53
47 61
47 63
47 67
47 68
48 51
48 54
48 56
48 63
48 64
49 50
49 59
49 60
49 66
49 68
49 69
50 56
50 63
50 64
50 65
50 66
50 67
51 53
51 54
51 57
51 59
51 66
51 67
52 55
52 58
52 63
52 66
53 63
53 66
53 67
53 69
54 56
54 58
54 59
54 60
54 64
55 60
55 64
55 65
55 68
55 69
56 57
56 59
56 61
56 64
56 65
56 68
56 69
57 59
57 62
57 64
57 67
57 68
57 69
58 62
58 63
58 65
58 66
59 60
59 62
59 66
59 68
59 69
60 64
60 67
60 69
61 64
61 65
61 68
61 69
62 66
62 68
62 69
63 68
64 66
64 68
64 69
65 68
66 68
