%%/grafo-70-5-0.3
70 70 718
0 2
0 7
0 9
0 12
0 18
0 19
0 22
0 23
0 28
0 31
0 32
0 33
0 34
0 35
0 41
0 45
0 50
0 51
0 52
0 54
0 57
0 59
0 61
0 65
0 66
1 2
1 3
1 7
1 8
1 9
1 10
1 12
1 17
1 18
1 19
1 32
1 35
1 38
1 43
1 48
1 54
1 58
1 66
2 3
2 10
2 11
2 12
2 13
2 16
2 19
2 26
2 32
2 33
2 34
2 38
2 41
2 46
2 58
2 63
2 64
2 69
3 6
3 7
3 9
3 16
3 17
3 22
3 25
3 26
3 27
3 28
3 31
3 32
3 36
3 51
3 55
3 59
3 61
3 67
3 68
3 69
4 7
4 11
4 20
4 23
4 25
4 26
4 34
4 35
4 37
4 39
4 40
4 49
4 50
4 60
4 61
4 69
5 12
5 13
5 18
5 26
5 35
5 44
5 47
5 53
5 57
5 58
5 60
5 61
5 62
5 67
5 69
6 10
6 12
6 13
6 19
6 20
6 23
6 24
6 25
6 31
6 33
6 45
6 57
6 67
7 16
7 21
7 24
7 27
7 29
7 30
7 32
7 34
7 44
7 46
7 53
7 57
7 58
7 63
7 64
7 66
7 69
8 11
8 12
8 13
8 14
8 18
8 24
8 26
8 27
8 29
8 32
8 36
8 45
8 49
8 57
8 58
8 67
9 11
9 12
9 13
9 14
9 22
9 32
9 33
9 38
9 40
9 46
9 47
9 49
9 50
9 63
9 64
9 67
9 69
10 18
10 20
10 27
10 28
10 29
10 40
10 41
10 45
10 50
10 53
10 54
10 60
10 61
10 63
10 64
11 13
11 17
11 19
11 24
11 25
11 27
11 28
11 35
11 44
11 48
11 51
11 52
11 53
11 55
11 57
11 60
11 61
11 63
11 65
11 69
12 21
12 23
12 31
12 35
12 39
12 40
12 42
12 44
12 45
12 49
12 50
12 52
12 53
12 54
12 60
12 62
12 63
12 66
12 69
13 15
13 19
13 20
13 21
13 22
13 27
13 28
13 31
13 35
13 36
13 39
13 48
13 51
13 52
13 59
13 60
13 64
13 65
14 15
14 16
14 17
14 18
14 21
14 24
14 30
14 33
14 36
14 37
14 39
14 40
14 41
14 43
14 44
14 45
14 50
14 54
14 63
14 64
14 66
15 17
15 22
15 26
15 28
15 32
15 33
15 35
15 39
15 42
15 51
15 61
15 63
15 69
16 17
16 18
16 19
16 20
16 26
16 31
16 33
16 35
16 38
16 46
16 52
16 55
16 60
16 66
16 68
16 69
17 20
17 30
17 34
17 35
17 39
17 41
17 46
17 49
17 52
17 53
17 56
17 57
17 58
17 59
17 65
17 69
18 23
18 24
18 28
18 29
18 32
18 35
18 37
18 39
18 40
18 45
18 52
18 53
18 54
18 55
18 64
18 67
18 69
19 20
19 25
19 27
19 28
19 29
19 31
19 33
19 34
19 37
19 38
19 39
19 40
19 42
19 45
19 46
19 49
19 50
19 51
19 53
19 59
19 61
19 64
19 67
20 22
20 23
20 25
20 27
20 28
20 30
20 31
20 35
20 43
20 48
20 50
20 51
20 63
20 66
21 22
21 24
21 27
21 28
21 32
21 35
21 38
21 46
21 50
21 53
21 55
21 56
21 58
21 61
21 62
21 67
22 23
22 25
22 26
22 29
22 32
22 33
22 36
22 37
22 39
22 46
22 51
22 52
22 53
22 55
22 62
22 64
22 67
23 24
23 25
23 33
23 34
23 35
23 36
23 41
23 43
23 44
23 49
23 52
23 55
23 56
23 57
23 60
23 64
23 65
23 67
24 26
24 28
24 31
24 34
24 39
24 41
24 43
24 44
24 46
24 52
24 54
24 57
24 63
24 65
24 66
24 68
25 26
25 27
25 37
25 40
25 41
25 43
25 44
25 48
25 50
25 52
25 55
25 62
25 63
26 27
26 28
26 34
26 37
26 42
26 46
26 48
26 49
26 53
26 57
26 66
27 31
27 33
27 38
27 51
27 52
27 61
27 62
27 67
28 29
28 32
28 33
28 38
28 41
28 43
28 46
28 48
28 51
28 53
28 57
28 58
28 64
29 30
29 32
29 34
29 36
29 41
29 42
29 43
29 49
29 50
29 57
29 59
29 60
29 61
30 31
30 35
30 37
30 39
30 47
30 48
30 49
30 50
30 51
30 52
30 60
30 64
30 67
30 69
31 32
31 34
31 38
31 39
31 50
31 59
31 64
32 41
32 43
32 45
32 48
32 53
32 56
32 58
32 61
32 62
32 63
32 68
32 69
33 34
33 40
33 41
33 47
33 48
33 49
33 53
33 57
33 63
33 68
34 35
34 37
34 38
34 40
34 43
34 47
34 48
34 52
34 55
34 57
34 59
34 65
35 36
35 37
35 39
35 49
35 50
35 53
35 54
35 56
35 57
35 59
35 66
35 69
36 39
36 43
36 45
36 47
36 48
36 51
36 53
36 54
36 57
36 59
36 60
36 66
36 69
37 41
37 42
37 44
37 47
37 56
37 62
37 63
37 66
38 43
38 44
38 49
38 52
38 54
38 59
38 61
38 64
38 65
38 67
39 40
39 43
39 49
39 52
39 53
39 63
39 64
39 68
40 41
40 42
40 43
40 49
40 51
40 63
40 68
41 42
41 43
41 48
41 50
41 55
41 59
41 64
41 68
42 49
42 58
42 63
42 66
43 52
43 53
43 57
43 60
43 62
43 65
43 67
43 69
44 47
44 49
44 54
44 55
44 60
44 63
45 46
45 47
45 48
45 58
45 61
45 62
45 63
45 67
46 49
46 51
46 54
46 59
46 61
46 62
47 49
47 52
47 58
47 63
47 67
48 57
48 60
48 62
48 63
48 65
48 67
48 68
49 51
49 52
49 57
49 60
49 65
50 51
50 58
50 64
50 66
50 68
51 54
51 55
51 57
51 59
51 60
51 63
51 65
51 66
51 69
52 54
52 55
52 59
52 64
52 67
52 68
52 69
53 57
53 59
53 63
53 69
54 56
54 57
54 58
54 60
54 61
54 63
54 66
54 67
55 56
55 57
55 58
55 61
55 64
55 65
56 57
56 62
57 61
57 66
58 68
59 61
59 62
59 65
60 62
62 66
62 67
63 64
63 66
64 67
64 68
65 68
66 67
