%%/grafo-40-6-0.3
40 40 226
0 4
0 9
0 17
0 22
0 23
0 28
0 29
0 31
0 34
0 36
0 38
1 5
1 9
1 11
1 14
1 18
1 21
1 26
1 29
1 31
1 33
2 5
2 10
2 12
2 20
2 21
2 27
2 33
2 34
3 4
3 6
3 7
3 9
3 10
3 11
3 12
3 15
3 16
3 24
3 26
3 27
3 28
3 33
3 34
3 36
3 37
4 5
4 6
4 7
4 11
4 14
4 35
4 37
5 14
5 15
5 18
5 20
5 24
5 29
5 30
5 31
5 32
5 36
5 39
6 9
6 19
6 28
6 32
6 33
6 36
7 10
7 11
7 13
7 16
7 17
7 18
7 19
7 24
7 27
7 29
7 32
7 35
7 36
7 39
8 9
8 14
8 17
8 18
8 21
8 22
8 23
8 25
8 35
8 38
9 11
9 12
9 16
9 18
9 21
9 24
9 30
9 33
9 34
9 35
9 36
9 38
10 19
10 23
10 24
10 29
10 30
10 36
11 12
11 16
11 20
11 23
11 24
11 28
11 30
11 31
11 35
11 36
12 13
12 14
12 17
12 22
12 24
12 30
12 31
12 32
12 36
13 17
13 22
13 25
13 30
13 34
13 35
13 37
14 24
14 28
14 30
14 32
15 18
15 21
15 27
15 31
15 36
16 28
16 32
16 34
16 36
17 20
17 21
17 22
17 24
17 28
17 31
17 33
17 34
17 35
17 37
17 39
18 21
18 29
18 36
18 37
18 39
19 25
19 31
19 34
19 35
19 36
20 26
20 28
20 29
20 31
20 33
20 37
21 26
21 28
21 32
21 35
21 36
22 26
22 34
22 35
22 37
22 38
22 39
23 25
23 27
23 28
23 30
23 33
23 34
23 38
23 39
24 26
24 29
24 31
25 33
25 34
25 35
26 27
26 28
26 29
26 31
26 38
27 28
27 32
27 34
28 31
28 34
28 35
29 32
29 38
29 39
30 31
30 32
30 34
30 39
31 35
32 34
34 37
35 37
37 38
