%%/grafo-30-0-0.3
30 30 137
0 2
0 11
0 12
0 13
0 14
0 17
0 29
1 2
1 6
1 8
1 9
1 16
1 17
1 19
1 23
1 26
2 5
2 17
2 18
2 19
2 25
2 28
2 29
3 5
3 7
3 11
3 15
3 24
3 28
4 6
4 7
4 8
4 10
4 24
5 8
5 9
5 14
5 15
5 21
5 23
5 25
5 26
5 27
5 28
6 7
6 8
6 11
6 13
6 14
6 20
6 23
6 25
6 26
6 28
6 29
7 8
7 9
7 14
7 16
7 24
7 26
7 27
8 10
8 11
8 15
8 16
8 26
8 29
9 15
9 20
9 23
9 26
9 27
10 11
10 12
10 14
10 16
10 22
10 29
11 12
11 14
11 17
11 18
11 19
11 20
11 24
12 13
12 14
12 19
12 24
12 25
12 26
12 27
12 28
12 29
13 14
13 17
13 19
13 23
13 24
13 26
13 27
13 28
14 20
14 21
15 16
15 17
15 22
15 23
15 26
16 17
16 19
16 24
16 27
16 28
17 19
17 27
17 28
18 25
18 26
18 27
19 20
19 22
19 23
19 27
20 25
20 27
20 29
21 26
21 28
22 24
23 26
23 29
24 29
25 29
26 29
27 28
