%%/grafo-50-8-0.5
50 50 599
0 3
0 7
0 9
0 11
0 13
0 15
0 16
0 19
0 22
0 24
0 25
0 26
0 27
0 28
0 30
0 31
0 32
0 33
0 34
0 35
0 36
0 37
0 44
0 45
0 46
0 48
0 49
1 4
1 5
1 6
1 7
1 8
1 10
1 14
1 16
1 18
1 19
1 23
1 24
1 26
1 27
1 28
1 30
1 32
1 34
1 35
1 37
1 38
1 39
1 41
1 43
1 44
1 47
2 3
2 4
2 12
2 14
2 19
2 20
2 23
2 28
2 31
2 32
2 33
2 35
2 37
2 39
2 40
2 42
2 43
2 46
2 47
2 48
3 4
3 5
3 8
3 10
3 13
3 14
3 15
3 16
3 21
3 24
3 25
3 27
3 30
3 31
3 34
3 37
3 39
3 41
3 42
3 44
3 45
3 46
3 48
3 49
4 7
4 9
4 10
4 12
4 14
4 18
4 19
4 20
4 22
4 24
4 26
4 31
4 38
4 39
4 41
4 45
4 46
4 47
5 6
5 8
5 9
5 12
5 16
5 21
5 23
5 24
5 26
5 27
5 29
5 32
5 33
5 36
5 38
5 39
5 40
5 44
5 47
5 49
6 9
6 11
6 13
6 19
6 20
6 21
6 22
6 23
6 24
6 29
6 31
6 32
6 35
6 39
6 42
6 45
6 46
6 48
7 10
7 11
7 12
7 14
7 15
7 17
7 18
7 21
7 22
7 24
7 27
7 31
7 33
7 34
7 38
7 39
7 40
7 41
7 42
7 43
7 45
7 47
7 49
8 9
8 12
8 13
8 15
8 16
8 17
8 22
8 27
8 29
8 31
8 32
8 35
8 37
8 38
8 39
8 40
8 48
9 10
9 11
9 12
9 15
9 16
9 17
9 20
9 25
9 26
9 29
9 30
9 31
9 32
9 33
9 37
9 38
9 39
9 42
9 43
9 48
9 49
10 12
10 13
10 14
10 18
10 19
10 20
10 22
10 23
10 27
10 32
10 33
10 35
10 36
10 40
10 41
10 43
10 44
10 49
11 12
11 14
11 15
11 16
11 21
11 23
11 24
11 27
11 28
11 31
11 32
11 33
11 34
11 36
11 37
11 39
11 42
11 43
11 44
11 47
12 13
12 14
12 16
12 17
12 18
12 20
12 24
12 28
12 30
12 34
12 35
12 37
12 39
12 41
12 42
12 47
12 49
13 15
13 16
13 17
13 20
13 21
13 26
13 27
13 30
13 34
13 35
13 37
13 40
13 41
13 45
13 49
14 15
14 19
14 22
14 23
14 29
14 30
14 32
14 33
14 34
14 35
14 38
14 39
14 41
14 42
14 46
14 47
14 48
15 16
15 17
15 18
15 19
15 22
15 23
15 25
15 26
15 27
15 28
15 31
15 33
15 36
15 38
15 40
15 41
15 42
15 43
15 44
15 45
15 47
15 48
16 18
16 19
16 21
16 23
16 26
16 27
16 29
16 30
16 33
16 37
16 38
16 39
16 40
16 43
16 48
16 49
17 18
17 21
17 23
17 25
17 28
17 31
17 32
17 33
17 34
17 35
17 37
17 39
17 41
17 42
17 43
17 44
17 47
17 48
18 20
18 22
18 24
18 25
18 26
18 28
18 30
18 31
18 37
18 38
18 39
18 43
18 45
18 48
18 49
19 23
19 25
19 33
19 37
19 38
19 39
19 40
19 41
19 42
19 45
19 46
19 47
19 48
19 49
20 21
20 22
20 27
20 29
20 31
20 32
20 36
20 37
20 38
20 42
20 43
20 46
20 47
20 48
20 49
21 22
21 24
21 26
21 34
21 35
21 36
21 38
21 40
21 41
21 42
21 43
21 45
21 48
22 26
22 27
22 29
22 30
22 35
22 36
22 38
22 39
22 40
22 41
22 43
22 44
22 46
22 48
22 49
23 25
23 29
23 33
23 35
23 36
23 39
23 40
23 43
23 44
23 47
23 48
24 25
24 28
24 29
24 30
24 34
24 36
24 38
24 39
24 48
25 27
25 28
25 30
25 31
25 33
25 36
25 37
25 39
25 41
25 42
25 44
25 45
25 46
25 47
25 48
25 49
26 29
26 32
26 34
26 35
26 36
26 38
26 39
26 40
26 42
26 44
26 45
26 46
26 47
27 28
27 29
27 32
27 34
27 36
27 38
27 40
27 41
27 42
27 43
28 29
28 35
28 37
28 39
28 42
28 47
28 49
29 30
29 31
29 32
29 33
29 37
29 43
29 45
29 46
29 49
30 31
30 33
30 34
30 37
30 38
30 40
30 41
30 42
30 45
30 46
30 47
30 49
31 33
31 36
31 38
31 39
31 40
31 45
31 48
32 35
32 36
32 41
32 42
32 44
32 45
32 48
32 49
33 34
33 36
33 37
33 41
33 42
33 43
33 45
34 35
34 40
34 42
34 43
34 44
34 46
34 47
35 36
35 37
35 39
35 40
35 42
35 45
35 47
36 40
36 41
36 43
36 44
36 47
37 38
37 39
37 40
37 41
37 42
37 43
37 45
37 48
38 40
38 43
38 44
38 45
38 46
38 49
39 41
39 42
39 43
39 46
39 47
40 43
40 45
40 46
41 42
41 43
41 44
41 46
41 48
42 43
42 45
42 46
42 48
43 45
43 46
43 47
44 45
44 46
44 48
45 49
46 49
47 48
47 49
48 49
