%%/grafo-40-7-0.3
40 40 225
0 7
0 9
0 15
0 18
0 21
0 24
0 32
0 34
0 38
1 8
1 12
1 15
1 18
1 22
1 26
1 36
1 38
2 7
2 15
2 18
2 19
2 24
2 25
2 30
2 38
2 39
3 19
3 24
3 27
3 31
3 34
3 36
3 38
4 5
4 16
4 17
4 18
4 19
4 22
4 25
4 28
4 29
4 31
4 35
4 36
5 6
5 7
5 10
5 11
5 15
5 17
5 18
5 23
5 29
5 35
6 10
6 11
6 13
6 25
6 26
6 30
6 32
6 36
6 39
7 10
7 13
7 18
7 20
7 21
7 22
7 27
7 32
7 34
8 13
8 14
8 16
8 20
8 23
8 28
8 38
8 39
9 12
9 13
9 15
9 17
9 20
9 24
9 27
9 28
9 34
9 36
9 37
10 11
10 12
10 18
10 20
10 29
10 32
10 33
10 34
10 36
10 37
10 38
11 13
11 17
11 19
11 20
11 21
11 22
11 23
11 25
11 31
11 33
11 35
11 38
11 39
12 15
12 18
12 28
12 33
12 35
13 14
13 16
13 25
13 30
13 35
14 19
14 21
14 22
14 26
14 30
14 32
14 36
14 37
14 39
15 19
15 21
15 26
15 28
15 34
15 36
16 22
16 26
16 33
16 34
16 38
17 28
17 31
17 33
17 34
17 36
17 37
18 21
18 23
18 25
18 34
18 36
18 38
19 22
19 23
19 25
19 26
19 27
19 28
19 32
19 33
19 35
19 36
19 39
20 26
20 30
20 32
21 24
21 25
21 38
22 23
22 30
22 35
22 37
22 39
23 25
23 28
23 34
23 37
24 25
24 31
24 32
24 38
25 31
25 35
25 36
25 37
25 38
26 27
26 39
27 29
27 32
27 33
27 34
27 36
27 37
28 29
28 32
28 33
28 35
28 39
29 37
30 34
30 37
31 32
31 35
31 36
32 33
32 35
33 35
33 37
34 37
34 38
35 36
35 37
36 37
36 38
36 39
37 39
38 39
