%%/grafo-30-4-0.5
30 30 214
0 5
0 6
0 9
0 12
0 16
0 17
0 19
0 20
0 26
0 27
0 28
1 6
1 7
1 8
1 12
1 14
1 18
1 19
1 25
1 28
1 29
2 4
2 5
2 7
2 9
2 11
2 14
2 15
2 19
2 20
2 21
2 22
2 23
2 24
2 26
2 29
3 6
3 9
3 13
3 15
3 16
3 22
3 23
3 24
3 25
3 28
4 9
4 11
4 13
4 21
4 22
4 23
4 25
5 8
5 9
5 11
5 14
5 15
5 16
5 17
5 20
5 21
5 22
5 25
5 26
5 27
6 8
6 10
6 11
6 12
6 13
6 19
6 21
6 22
6 23
6 24
6 25
6 26
6 28
7 11
7 12
7 13
7 15
7 18
7 19
7 21
7 22
7 23
7 24
7 26
7 27
7 28
7 29
8 10
8 12
8 13
8 16
8 17
8 18
8 22
8 24
8 26
8 27
8 29
9 11
9 12
9 13
9 14
9 17
9 21
9 26
9 27
9 29
10 11
10 12
10 13
10 14
10 19
10 20
10 21
10 23
10 26
10 29
11 13
11 18
11 20
11 21
11 22
11 24
11 26
11 28
11 29
12 14
12 17
12 20
12 24
12 25
12 27
12 28
12 29
13 14
13 16
13 18
13 20
13 21
13 22
13 25
13 26
13 28
13 29
14 19
14 20
14 23
14 25
14 27
14 28
15 16
15 17
15 20
15 22
15 25
15 26
15 27
15 29
16 17
16 18
16 19
16 21
16 25
16 26
16 27
16 28
16 29
17 19
17 20
17 21
17 22
17 24
17 27
17 28
17 29
18 19
18 20
18 21
18 22
18 23
18 27
18 28
19 20
19 22
19 23
19 24
19 29
20 21
20 25
20 27
20 28
20 29
21 24
21 26
21 27
21 28
21 29
22 25
22 26
22 28
23 27
23 28
24 27
24 28
25 28
25 29
26 27
26 28
