%%/grafo-30-2-0.3
30 30 140
0 7
0 8
0 11
0 14
0 20
0 23
0 24
0 26
0 29
1 5
1 6
1 7
1 9
1 11
1 12
1 13
1 14
1 15
1 18
1 25
1 26
1 27
1 29
2 3
2 6
2 11
2 20
2 24
2 27
2 29
3 7
3 9
3 10
3 23
3 27
3 28
4 8
4 12
4 13
4 15
4 16
4 28
5 6
5 8
5 9
5 12
5 14
5 15
5 18
5 21
5 24
5 26
5 27
6 7
6 12
6 14
6 15
6 16
6 17
6 21
6 23
6 24
6 27
7 11
7 14
7 20
7 22
7 26
7 28
8 9
8 12
8 15
8 16
8 17
8 21
8 22
8 23
8 28
9 12
9 14
9 15
9 17
9 21
9 22
9 25
10 11
10 14
10 15
10 18
10 19
10 24
11 15
11 19
11 22
11 24
11 26
11 29
12 13
12 14
12 16
12 19
12 24
12 25
13 15
13 17
13 19
13 21
13 23
13 28
14 15
14 16
14 26
14 27
14 29
15 16
15 18
15 23
16 18
17 24
17 26
18 24
19 20
19 24
19 25
19 29
20 21
20 26
21 25
21 26
22 24
22 25
22 29
23 24
23 25
23 26
23 29
24 27
26 27
26 28
28 29
