%%/grafo-40-2-0.3
40 40 258
0 7
0 8
0 11
0 14
0 20
0 23
0 24
0 26
0 29
0 33
0 34
0 35
0 37
0 39
1 2
1 3
1 4
1 5
1 8
1 15
1 16
1 17
1 19
1 20
1 23
1 28
1 37
2 4
2 7
2 9
2 13
2 15
2 16
2 29
2 33
2 34
2 39
3 7
3 8
3 10
3 11
3 23
3 25
3 27
3 28
3 31
3 33
3 34
3 37
4 5
4 8
4 10
4 11
4 14
4 19
4 21
4 22
4 23
4 24
4 28
4 30
4 31
4 34
5 6
5 9
5 15
5 17
5 21
5 23
5 25
5 28
5 31
5 32
5 33
5 37
5 38
5 39
6 11
6 15
6 17
6 18
6 20
6 24
6 25
6 28
6 33
6 36
6 37
7 8
7 9
7 14
7 23
7 27
7 30
7 32
7 34
7 37
7 38
7 39
8 10
8 13
8 18
8 19
8 25
8 27
8 29
8 31
8 33
8 38
9 10
9 11
9 21
9 22
9 24
9 25
9 27
9 32
10 11
10 29
10 31
11 12
11 18
11 22
11 23
11 27
11 28
11 33
12 13
12 14
12 19
12 20
12 24
12 25
12 26
12 27
12 30
12 33
13 14
13 15
13 19
13 24
13 26
13 27
13 29
13 30
13 31
14 18
14 20
14 22
14 26
14 28
14 30
14 31
14 33
14 34
14 35
15 17
15 18
15 19
15 25
15 28
15 35
15 38
16 18
16 19
16 22
16 27
16 28
16 32
16 35
16 39
17 18
17 21
17 25
17 27
17 29
18 19
18 22
18 23
18 24
18 26
18 27
18 32
18 37
19 24
19 28
19 31
19 32
19 35
19 36
19 37
19 38
20 24
20 25
20 27
20 36
20 38
21 28
21 29
21 31
21 33
21 36
21 37
21 39
22 23
22 26
22 29
22 34
22 35
22 37
23 24
23 26
23 29
23 31
23 33
23 37
23 38
23 39
24 33
24 34
24 35
24 38
24 39
25 33
25 34
25 35
25 36
25 38
26 28
26 32
26 36
26 37
27 31
27 33
27 34
27 35
28 32
28 33
28 35
29 30
29 32
29 35
29 39
30 32
30 37
31 33
31 34
31 35
31 37
31 38
31 39
32 38
32 39
33 35
33 37
34 35
35 38
38 39
