%%/grafo-40-1-0.3
40 40 236
0 3
0 6
0 13
0 15
0 18
0 20
0 23
0 26
0 30
0 32
0 33
0 34
0 35
0 38
1 2
1 4
1 6
1 9
1 12
1 27
1 28
1 34
1 35
1 37
2 4
2 6
2 8
2 14
2 17
2 20
2 22
2 24
2 25
2 27
2 32
2 37
3 4
3 8
3 12
3 17
3 18
3 23
3 27
3 34
4 5
4 7
4 8
4 12
4 14
4 25
4 26
4 31
4 35
4 37
4 38
5 8
5 12
5 13
5 19
5 21
5 22
5 28
5 29
5 31
5 33
5 34
5 36
5 37
6 7
6 8
6 13
6 20
6 23
6 27
6 34
6 36
6 37
6 38
6 39
7 12
7 13
7 15
7 19
7 21
7 23
7 27
7 30
7 32
7 37
8 9
8 14
8 15
8 16
8 17
8 19
8 23
8 25
8 26
8 31
8 34
8 37
8 38
9 13
9 16
9 22
9 23
9 29
9 30
9 32
9 34
9 36
9 37
10 17
10 24
10 25
11 17
11 20
11 30
11 38
12 17
12 18
12 20
12 23
12 25
12 29
12 32
12 38
12 39
13 15
13 17
13 25
13 27
13 29
13 30
13 35
13 38
13 39
14 15
14 17
14 19
14 23
14 24
14 25
14 27
14 30
14 31
14 32
14 35
15 16
15 20
15 22
15 33
15 36
16 18
16 20
16 21
16 23
16 25
16 35
17 18
17 22
17 25
17 30
17 31
17 39
18 19
18 24
18 26
18 27
18 28
18 30
18 32
18 34
18 37
18 39
19 21
19 23
19 24
19 28
19 31
19 36
19 39
20 23
20 27
20 31
20 33
20 36
21 25
21 27
21 28
21 30
21 32
21 33
21 38
22 24
22 25
22 27
22 28
22 32
22 34
22 35
23 26
23 27
23 29
23 36
24 27
24 28
25 28
25 29
25 32
25 35
25 36
26 30
26 35
27 36
28 33
28 35
28 38
29 30
29 33
29 34
29 37
29 38
30 35
30 36
30 37
30 38
31 34
31 35
31 38
33 34
33 39
34 37
35 36
35 37
37 39
