%%/grafo-30-5-0.3
30 30 122
0 2
0 7
0 9
0 12
0 18
0 19
0 22
0 23
0 28
1 3
1 4
1 5
1 6
1 7
1 13
1 17
1 22
1 23
1 24
1 26
1 29
2 4
2 6
2 10
2 11
2 15
2 16
2 20
2 21
2 22
2 23
2 25
3 4
3 5
3 6
3 19
3 22
3 25
4 5
4 10
4 16
4 20
4 28
5 8
5 15
5 16
5 17
5 18
5 21
5 24
6 8
6 14
6 15
6 16
6 20
6 23
6 28
7 18
7 23
7 24
7 29
8 11
8 12
8 14
8 21
8 22
8 27
9 10
9 11
9 12
9 13
9 16
9 17
9 21
10 17
10 21
10 25
10 27
11 15
11 16
11 17
11 20
11 24
12 16
12 19
12 21
12 22
13 14
13 15
13 17
13 19
13 20
13 29
14 15
14 25
14 26
15 20
15 27
15 28
16 20
16 28
17 25
18 23
18 26
19 22
19 26
19 27
19 29
20 21
20 22
20 27
20 29
21 25
21 27
21 28
22 27
22 28
23 25
23 26
23 27
24 28
25 26
