%%/grafo-50-3-0.5
50 50 601
0 2
0 3
0 5
0 8
0 11
0 16
0 18
0 19
0 20
0 21
0 22
0 23
0 28
0 31
0 32
0 33
0 34
0 36
0 37
0 38
0 39
0 42
0 43
0 44
0 46
1 2
1 3
1 4
1 7
1 10
1 11
1 13
1 14
1 19
1 20
1 21
1 22
1 23
1 26
1 29
1 34
1 36
1 37
1 38
1 39
1 40
1 41
1 42
1 43
1 44
1 45
1 48
1 49
2 3
2 6
2 12
2 13
2 15
2 16
2 17
2 18
2 21
2 23
2 27
2 30
2 32
2 35
2 36
2 38
2 39
2 41
2 42
2 43
2 46
2 48
3 4
3 6
3 7
3 8
3 9
3 10
3 12
3 13
3 17
3 19
3 21
3 24
3 27
3 28
3 29
3 30
3 31
3 32
3 33
3 34
3 37
3 39
3 40
3 42
3 43
3 46
3 47
3 48
3 49
4 5
4 6
4 8
4 9
4 11
4 12
4 13
4 15
4 16
4 18
4 20
4 21
4 25
4 27
4 28
4 29
4 32
4 36
4 44
4 45
4 46
4 48
5 6
5 7
5 8
5 14
5 15
5 17
5 18
5 19
5 21
5 22
5 23
5 32
5 35
5 36
5 38
5 39
5 42
5 43
5 45
5 47
5 49
6 7
6 8
6 13
6 14
6 19
6 22
6 24
6 26
6 31
6 33
6 36
6 37
6 38
6 39
6 40
6 41
6 44
6 49
7 8
7 9
7 16
7 19
7 22
7 23
7 24
7 26
7 27
7 28
7 33
7 37
7 38
7 39
7 40
7 41
7 43
7 44
7 46
7 47
7 49
8 9
8 10
8 13
8 16
8 17
8 19
8 20
8 22
8 23
8 24
8 26
8 27
8 29
8 30
8 31
8 39
8 41
8 43
8 47
9 12
9 13
9 15
9 16
9 20
9 23
9 28
9 30
9 32
9 34
9 35
9 37
9 38
9 39
9 40
9 41
9 42
9 43
9 45
9 46
9 47
9 49
10 11
10 12
10 13
10 15
10 16
10 17
10 18
10 19
10 20
10 21
10 24
10 27
10 29
10 31
10 32
10 35
10 36
10 39
10 45
10 46
10 47
11 12
11 20
11 21
11 24
11 26
11 27
11 34
11 36
11 37
11 39
11 41
11 42
11 44
11 45
11 46
12 13
12 14
12 16
12 17
12 20
12 21
12 23
12 24
12 25
12 26
12 29
12 31
12 32
12 33
12 35
12 36
12 39
12 41
12 43
12 44
12 45
12 47
13 14
13 18
13 19
13 20
13 22
13 23
13 26
13 27
13 28
13 31
13 32
13 33
13 34
13 35
13 36
13 41
13 44
13 45
13 46
13 49
14 17
14 19
14 20
14 21
14 24
14 25
14 28
14 30
14 32
14 33
14 36
14 37
14 38
14 39
14 40
14 41
14 42
14 44
14 45
14 46
14 47
14 48
14 49
15 16
15 17
15 18
15 19
15 21
15 23
15 25
15 26
15 40
15 41
15 46
15 49
16 21
16 22
16 23
16 24
16 26
16 28
16 30
16 31
16 35
16 36
16 37
16 38
16 41
16 42
17 20
17 22
17 23
17 25
17 30
17 34
17 35
17 40
17 41
17 43
17 44
17 45
17 46
17 49
18 19
18 20
18 22
18 25
18 27
18 29
18 33
18 35
18 37
18 39
18 40
18 41
18 42
18 43
18 44
18 45
18 47
18 48
18 49
19 20
19 22
19 23
19 24
19 25
19 27
19 29
19 34
19 35
19 36
19 42
19 43
19 44
19 45
19 47
19 48
20 22
20 26
20 28
20 29
20 31
20 34
20 36
20 39
20 44
20 45
20 47
20 49
21 23
21 24
21 25
21 26
21 28
21 29
21 30
21 31
21 32
21 44
21 46
22 24
22 25
22 27
22 29
22 33
22 34
22 36
22 37
22 38
22 39
22 42
22 43
22 44
22 46
22 47
22 48
22 49
23 24
23 26
23 29
23 31
23 36
23 37
23 40
23 41
23 43
23 44
23 45
23 46
23 47
23 48
23 49
24 25
24 27
24 29
24 30
24 35
24 37
24 40
24 41
24 43
24 44
24 45
25 26
25 31
25 32
25 33
25 35
25 38
25 40
25 43
25 47
25 48
26 27
26 29
26 30
26 31
26 33
26 36
26 38
26 40
26 41
26 45
27 28
27 29
27 30
27 32
27 33
27 36
27 38
27 39
27 41
27 45
27 46
27 49
28 29
28 30
28 31
28 33
28 39
28 40
28 42
28 44
28 45
28 46
28 49
29 31
29 32
29 37
29 38
29 39
29 40
29 44
29 47
30 31
30 36
30 37
30 38
30 39
30 40
30 41
30 42
30 46
30 48
31 34
31 35
31 36
31 37
31 41
31 44
31 45
32 38
32 39
32 41
32 42
32 43
32 44
32 45
33 34
33 35
33 38
33 40
33 44
33 45
34 38
34 39
34 40
34 42
34 44
34 45
34 47
34 49
35 38
35 39
35 41
35 42
35 44
35 46
35 49
36 38
36 39
36 40
36 43
36 44
36 45
36 48
36 49
37 38
37 40
37 41
37 44
37 45
37 46
38 42
39 42
39 44
39 46
39 48
40 42
40 45
41 44
41 45
41 46
41 48
41 49
42 43
42 48
43 44
43 45
43 46
43 48
43 49
44 46
46 48
46 49
