%%/grafo-30-8-0.3
30 30 137
0 3
0 7
0 11
0 15
0 19
0 22
0 24
0 25
0 26
0 27
0 28
1 2
1 3
1 5
1 6
1 7
1 8
1 9
1 16
1 17
1 18
1 24
1 25
1 27
1 28
2 9
2 11
2 16
2 19
2 21
2 27
2 28
3 4
3 5
3 6
3 8
3 10
3 11
3 17
3 18
3 26
4 8
4 9
4 17
4 20
4 22
4 28
4 29
5 8
5 12
5 13
5 15
5 21
5 24
6 9
6 12
6 18
6 19
6 22
6 25
6 27
6 29
7 10
7 14
7 21
7 23
7 25
7 29
8 10
8 12
8 14
8 16
8 21
8 28
9 11
9 15
9 16
9 17
9 22
10 11
10 16
10 18
10 21
10 24
11 13
11 15
11 16
11 17
11 21
11 24
11 26
11 29
12 14
12 23
12 24
13 16
13 18
13 22
13 26
14 17
14 18
14 25
14 28
14 29
15 17
15 18
15 27
16 25
16 27
17 20
17 22
17 25
18 20
18 21
18 22
18 27
19 22
19 24
19 26
19 27
20 21
20 23
20 24
20 25
20 26
21 28
21 29
22 23
22 26
22 27
24 25
24 26
25 27
25 28
25 29
27 29
28 29
