%%/grafo-30-1-0.4
30 30 174
0 3
0 4
0 6
0 11
0 12
0 13
0 15
0 18
0 19
0 20
0 23
0 26
1 2
1 4
1 5
1 6
1 7
1 10
1 11
1 12
1 14
1 16
1 19
1 22
1 23
1 25
2 7
2 10
2 11
2 17
2 18
2 20
2 24
2 26
2 28
3 8
3 11
3 14
3 16
3 18
3 19
3 21
3 24
3 26
4 5
4 6
4 9
4 13
4 17
4 22
4 23
4 25
4 27
4 28
5 6
5 8
5 15
5 17
5 21
5 23
5 24
5 25
5 28
6 7
6 8
6 13
6 15
6 18
6 19
6 24
6 28
7 8
7 9
7 13
7 17
7 18
7 23
7 24
7 26
7 27
7 28
7 29
8 11
8 12
8 13
8 15
8 17
8 18
8 20
8 21
8 23
8 24
8 25
8 29
9 10
9 14
9 17
9 20
9 22
9 24
9 26
9 29
10 12
10 14
10 15
10 16
10 17
10 21
10 22
10 23
10 25
10 28
10 29
11 13
11 15
11 19
11 22
11 24
11 29
12 15
12 17
12 20
12 21
12 22
12 23
12 25
12 29
13 14
13 15
13 16
13 21
13 24
13 27
13 28
14 17
14 18
14 21
14 26
14 27
14 28
15 20
15 21
15 23
15 25
15 27
15 28
16 17
16 19
16 24
17 19
17 20
18 19
18 29
19 22
20 21
20 23
20 24
20 26
21 23
21 28
21 29
22 23
22 24
22 25
22 26
22 28
23 24
23 28
24 26
24 27
25 28
25 29
26 28
27 28
