%%/grafo-20-8-0.5
20 20 97
0 3
0 7
0 9
0 11
0 13
0 15
0 16
0 19
1 4
1 6
1 7
1 8
1 9
1 10
1 12
1 13
1 14
1 15
1 16
1 17
1 18
1 19
2 9
2 10
2 11
2 13
2 14
2 17
2 18
2 19
3 4
3 5
3 7
3 11
3 13
3 15
3 16
4 5
4 6
4 8
4 9
4 10
4 12
4 14
4 16
4 17
4 19
5 6
5 7
5 9
5 11
5 12
5 15
5 18
5 19
6 14
6 16
7 9
7 10
7 13
7 18
8 10
8 11
8 12
8 14
8 16
8 18
8 19
9 11
9 12
9 15
9 16
9 17
9 19
10 11
10 14
10 16
10 19
11 12
11 13
11 14
11 19
12 15
12 16
12 18
13 15
13 16
13 19
14 17
14 19
15 17
15 18
16 17
16 18
16 19
17 19
18 19
