%%/grafo-40-9-0.3
40 40 234
0 12
0 16
0 17
0 19
0 20
0 23
0 25
0 27
0 29
0 30
0 37
1 2
1 3
1 4
1 5
1 8
1 9
1 12
1 18
1 20
1 22
1 23
1 25
1 26
1 29
1 37
1 38
2 15
2 16
2 21
2 22
2 26
2 29
2 30
2 33
2 36
2 37
3 4
3 8
3 9
3 11
3 14
3 19
3 22
3 23
3 24
3 26
3 27
3 28
3 30
3 32
3 34
3 37
3 38
3 39
4 5
4 6
4 15
4 28
4 30
4 39
5 8
5 11
5 13
5 16
5 17
5 33
6 7
6 18
6 23
6 26
6 35
6 37
6 39
7 10
7 14
7 15
7 16
7 18
7 30
7 32
7 38
8 15
8 17
8 22
8 24
8 25
8 28
8 32
8 35
9 10
9 12
9 14
9 17
9 20
9 21
9 28
9 30
9 31
9 37
9 38
10 11
10 12
10 18
10 19
10 21
10 28
10 31
10 32
11 16
11 18
11 20
11 22
11 29
11 30
11 34
11 35
12 13
12 16
12 17
12 23
12 25
12 30
12 33
12 37
13 14
13 15
13 16
13 17
13 18
13 24
13 33
13 34
13 39
14 15
14 19
14 22
14 24
14 30
14 33
14 34
15 20
15 22
15 25
15 26
15 28
15 35
15 38
16 17
16 19
16 22
16 23
16 27
16 33
17 19
17 26
17 27
17 29
17 30
17 37
17 39
18 21
18 22
18 24
18 29
18 30
18 31
18 32
18 33
18 34
19 25
19 26
19 27
19 28
19 34
19 36
20 24
20 25
20 26
20 29
20 30
20 33
20 38
21 23
21 24
21 26
21 28
21 29
21 31
21 34
21 38
21 39
22 23
22 30
22 34
22 35
22 36
23 27
23 31
23 34
24 27
24 30
25 27
25 29
25 35
25 39
26 31
26 34
26 35
27 29
27 30
27 33
28 33
28 34
28 35
28 39
29 32
29 33
29 34
30 32
30 33
30 36
31 34
31 35
31 38
32 33
32 35
32 36
33 35
33 37
34 35
34 39
35 39
38 39
