%%/grafo-20-7-0.5
20 20 95
0 3
0 6
0 7
0 9
0 14
0 15
0 16
0 18
0 19
1 3
1 4
1 6
1 9
1 11
1 12
1 14
1 16
2 3
2 6
2 8
2 10
2 11
2 12
2 14
2 15
2 18
2 19
3 5
3 6
3 9
3 10
3 11
3 13
3 19
4 5
4 8
4 10
4 11
4 13
4 14
4 15
4 16
4 19
5 10
5 13
5 14
5 15
5 19
6 7
6 8
6 10
6 12
6 13
6 14
6 15
6 17
6 18
6 19
7 8
7 9
7 10
7 13
7 14
7 18
8 10
8 14
8 17
8 19
9 10
9 12
9 15
9 16
9 19
10 12
10 13
10 14
10 16
11 19
12 13
12 14
12 15
12 18
13 14
13 15
13 18
13 19
14 16
14 17
14 18
15 16
15 17
15 19
16 18
16 19
18 19
