%%/grafo-40-6-0.5
40 40 377
0 4
0 5
0 9
0 13
0 17
0 19
0 21
0 22
0 23
0 24
0 26
0 27
0 28
0 29
0 30
0 31
0 33
0 34
0 36
0 38
0 39
1 5
1 8
1 9
1 11
1 14
1 18
1 19
1 21
1 26
1 29
1 31
1 33
1 34
1 35
2 5
2 7
2 8
2 10
2 11
2 12
2 18
2 19
2 20
2 21
2 22
2 27
2 29
2 31
2 33
2 34
2 35
2 37
2 38
3 4
3 6
3 7
3 9
3 10
3 11
3 12
3 15
3 16
3 19
3 23
3 24
3 25
3 26
3 27
3 28
3 33
3 34
3 36
3 37
3 38
3 39
4 5
4 6
4 7
4 8
4 10
4 11
4 14
4 16
4 17
4 21
4 26
4 29
4 30
4 34
4 35
4 37
4 38
5 6
5 11
5 14
5 15
5 18
5 20
5 21
5 22
5 24
5 29
5 30
5 31
5 32
5 34
5 36
5 37
5 39
6 9
6 11
6 16
6 17
6 19
6 26
6 28
6 32
6 33
6 35
6 36
7 9
7 10
7 11
7 12
7 13
7 15
7 16
7 17
7 18
7 19
7 20
7 23
7 24
7 27
7 29
7 32
7 35
7 36
7 37
7 39
8 9
8 13
8 14
8 15
8 17
8 18
8 19
8 21
8 22
8 23
8 25
8 27
8 28
8 32
8 34
8 35
8 38
9 10
9 11
9 12
9 14
9 16
9 18
9 21
9 24
9 27
9 28
9 30
9 33
9 34
9 35
9 36
9 38
10 11
10 14
10 19
10 22
10 23
10 24
10 25
10 26
10 27
10 29
10 30
10 36
10 38
10 39
11 12
11 13
11 14
11 16
11 18
11 19
11 20
11 23
11 24
11 28
11 29
11 30
11 31
11 35
11 36
11 39
12 13
12 14
12 15
12 17
12 19
12 22
12 24
12 27
12 29
12 30
12 31
12 32
12 35
12 36
12 38
13 17
13 22
13 25
13 26
13 28
13 29
13 30
13 33
13 34
13 35
13 37
14 15
14 17
14 23
14 24
14 28
14 30
14 32
14 33
14 36
14 38
14 39
15 18
15 21
15 23
15 25
15 27
15 29
15 31
15 32
15 36
15 38
16 18
16 20
16 21
16 22
16 25
16 26
16 28
16 32
16 33
16 34
16 36
17 20
17 21
17 22
17 24
17 27
17 28
17 29
17 31
17 32
17 33
17 34
17 35
17 37
17 39
18 21
18 28
18 29
18 31
18 36
18 37
18 39
19 21
19 25
19 31
19 32
19 33
19 34
19 35
19 36
20 21
20 26
20 28
20 29
20 30
20 31
20 33
20 34
20 36
20 37
20 38
21 26
21 28
21 31
21 32
21 35
21 36
22 23
22 26
22 31
22 34
22 35
22 37
22 38
22 39
23 24
23 25
23 27
23 28
23 30
23 31
23 33
23 34
23 38
23 39
24 26
24 29
24 31
25 28
25 29
25 31
25 32
25 33
25 34
25 35
26 27
26 28
26 29
26 31
26 32
26 36
26 37
26 38
26 39
27 28
27 31
27 32
27 33
27 34
28 29
28 31
28 32
28 34
28 35
28 36
28 39
29 31
29 32
29 33
29 34
29 38
29 39
30 31
30 32
30 33
30 34
30 38
30 39
31 35
32 34
32 35
34 37
35 37
36 37
36 39
37 38
