%%/grafo-20-9-0.5
20 20 107
0 6
0 9
0 11
0 12
0 13
0 14
0 16
0 17
0 18
0 19
1 2
1 3
1 4
1 5
1 7
1 9
1 11
1 12
1 15
1 16
1 19
2 3
2 5
2 6
2 7
2 8
2 11
2 12
2 13
2 15
2 18
3 4
3 5
3 6
3 7
3 9
3 10
3 12
3 13
3 14
3 16
3 18
3 19
4 5
4 6
4 9
4 10
4 11
4 12
4 13
4 17
5 10
5 11
5 14
5 16
5 17
5 18
6 8
6 11
6 12
6 15
6 18
6 19
7 10
7 12
7 14
7 15
7 16
7 17
7 18
8 9
8 10
8 12
8 13
8 14
8 16
8 17
8 18
8 19
9 11
9 12
9 13
9 15
9 17
9 18
9 19
10 11
10 13
10 14
10 15
10 16
10 17
10 18
10 19
11 18
12 15
12 17
13 14
13 16
13 18
14 15
14 16
15 17
15 18
16 17
16 18
17 18
