%%/grafo-20-2-0.5
20 20 105
0 3
0 7
0 8
0 11
0 14
0 15
0 16
0 19
1 2
1 5
1 6
1 8
1 11
1 15
1 16
1 17
1 19
2 4
2 5
2 6
2 7
2 8
2 9
2 10
2 11
2 14
2 17
2 18
2 19
3 4
3 6
3 7
3 10
3 13
3 15
3 16
3 17
3 19
4 9
4 11
4 13
4 14
4 16
4 18
5 8
5 10
5 11
5 13
5 18
5 19
6 7
6 11
6 12
6 15
6 16
6 17
7 9
7 13
7 14
7 16
7 17
8 9
8 12
8 13
8 15
8 18
9 10
9 11
9 12
9 13
9 15
9 16
9 17
9 18
9 19
10 13
10 16
10 17
10 18
10 19
11 13
11 14
11 17
11 19
12 14
12 15
12 16
12 17
12 18
12 19
13 14
13 15
13 18
13 19
14 15
14 16
14 17
14 19
15 16
15 17
15 18
16 17
16 18
17 18
17 19
