%%/grafo-30-3-0.3
30 30 130
0 2
0 3
0 5
0 8
0 11
0 16
0 18
0 21
0 22
0 28
1 4
1 6
1 9
1 11
1 18
1 22
1 23
1 24
1 27
2 3
2 4
2 7
2 12
2 15
2 16
2 19
2 22
2 27
2 29
3 4
3 6
3 7
3 10
3 12
3 16
3 20
3 26
4 6
4 7
4 10
4 21
4 25
5 6
5 7
5 8
5 11
5 15
5 19
5 20
5 21
6 7
6 9
6 16
6 18
6 19
6 20
6 22
6 25
7 9
7 12
7 13
7 14
7 15
7 17
7 19
7 22
7 26
7 27
7 29
8 10
8 11
8 15
8 19
9 15
9 16
9 20
10 13
10 14
10 17
10 18
10 27
11 16
11 19
11 24
11 26
11 27
11 28
12 16
12 17
12 25
12 29
13 18
13 20
13 23
13 24
13 25
13 26
13 28
14 16
14 22
15 16
15 19
15 22
15 23
15 24
15 28
16 25
16 27
17 18
17 19
17 21
17 22
17 25
17 26
17 29
18 21
18 22
18 29
19 21
19 22
19 25
19 26
20 27
22 24
22 26
23 28
24 28
25 26
25 28
28 29
