%%/grafo-40-4-0.5
40 40 376
0 5
0 6
0 9
0 12
0 16
0 17
0 19
0 20
0 26
0 27
0 28
0 34
0 35
0 36
1 2
1 4
1 8
1 9
1 15
1 18
1 19
1 21
1 22
1 24
1 26
1 28
1 31
1 32
1 36
1 37
1 38
1 39
2 3
2 4
2 6
2 9
2 12
2 15
2 19
2 21
2 22
2 28
2 29
2 30
2 31
2 34
3 4
3 6
3 8
3 16
3 17
3 18
3 20
3 27
3 28
3 30
3 33
3 34
3 35
3 36
3 39
4 5
4 6
4 9
4 10
4 11
4 15
4 17
4 18
4 19
4 20
4 26
4 28
4 29
4 30
4 31
4 32
4 33
4 35
5 6
5 7
5 8
5 10
5 13
5 14
5 16
5 17
5 18
5 19
5 21
5 22
5 23
5 24
5 26
5 28
5 29
5 32
5 33
5 34
5 38
6 7
6 9
6 10
6 12
6 14
6 15
6 16
6 17
6 20
6 24
6 29
6 30
6 32
6 33
6 34
6 35
6 36
7 9
7 10
7 11
7 13
7 16
7 19
7 21
7 26
7 28
7 29
7 30
7 32
7 34
7 36
7 37
7 39
8 11
8 14
8 18
8 19
8 21
8 22
8 23
8 24
8 26
8 28
8 30
8 31
8 32
8 35
8 36
8 38
8 39
9 14
9 15
9 18
9 20
9 22
9 23
9 25
9 26
9 29
9 31
9 34
9 35
9 36
9 38
9 39
10 11
10 12
10 14
10 18
10 19
10 20
10 21
10 22
10 24
10 25
10 26
10 27
10 29
10 32
10 33
10 34
10 35
10 36
10 37
10 38
10 39
11 15
11 16
11 18
11 20
11 21
11 22
11 27
11 28
11 32
11 34
11 35
11 36
11 39
12 14
12 15
12 16
12 17
12 20
12 21
12 23
12 28
12 29
12 33
12 34
12 38
12 39
13 14
13 15
13 20
13 23
13 28
13 29
13 33
13 35
13 37
14 15
14 16
14 18
14 20
14 21
14 23
14 26
14 29
14 30
14 31
14 32
14 34
14 35
14 36
14 38
15 17
15 20
15 21
15 22
15 23
15 25
15 26
15 27
15 28
15 29
15 31
15 32
15 33
15 34
15 36
15 38
16 18
16 21
16 22
16 23
16 24
16 28
16 29
16 30
16 31
16 32
16 34
16 38
17 18
17 20
17 24
17 27
17 30
17 31
17 33
17 36
17 37
18 19
18 21
18 22
18 23
18 24
18 25
18 27
18 30
18 31
18 33
18 35
18 38
19 21
19 24
19 25
19 27
19 28
19 30
19 33
19 34
19 36
19 38
20 27
20 28
20 34
20 36
20 37
20 39
21 23
21 27
21 28
21 29
21 31
21 34
21 37
22 23
22 31
22 32
22 33
22 35
22 36
22 39
23 25
23 26
23 28
23 29
23 31
23 34
23 35
23 36
23 38
23 39
24 27
24 28
24 29
24 30
24 32
25 26
25 27
25 28
25 29
25 30
25 35
26 28
26 29
26 31
26 35
26 36
26 38
27 28
27 30
27 32
27 35
27 38
27 39
28 29
28 35
28 36
29 31
29 32
29 33
29 34
29 39
30 33
30 35
30 36
30 39
31 32
31 33
31 34
31 35
31 38
32 36
32 39
33 34
33 35
33 37
33 38
33 39
34 37
34 38
35 37
35 38
