%%/grafo-30-9-0.3
30 30 130
0 12
0 16
0 17
0 19
0 20
0 23
0 25
0 27
0 29
1 2
1 9
1 12
1 13
1 14
1 15
1 18
1 19
1 22
1 28
2 3
2 5
2 6
2 8
2 9
2 12
2 20
2 21
3 9
3 10
3 15
3 16
3 20
3 23
3 24
3 27
4 5
4 6
4 9
4 13
4 14
4 16
4 19
4 24
4 27
4 28
4 29
5 7
5 8
5 9
5 11
5 13
5 15
5 18
5 19
5 20
5 21
5 22
6 8
6 21
6 23
7 10
7 13
7 16
7 18
7 21
7 22
8 17
8 24
9 15
9 20
9 23
10 13
10 15
10 17
10 20
10 24
10 25
10 26
10 28
11 22
11 24
12 13
12 21
12 23
12 28
13 14
13 15
13 18
13 22
13 25
14 15
14 17
14 19
14 22
14 25
14 26
15 19
15 21
15 22
15 28
15 29
16 18
16 19
16 25
16 26
16 28
17 23
17 26
17 27
18 28
19 20
19 22
19 24
20 22
20 23
20 27
20 28
21 25
21 28
21 29
22 28
23 24
23 29
24 27
25 27
26 27
26 28
26 29
27 28
27 29
