%%/grafo-30-4-0.3
30 30 127
0 5
0 6
0 9
0 12
0 16
0 19
0 20
0 26
1 6
1 8
1 12
1 18
1 29
2 7
2 15
2 19
2 21
2 22
2 23
2 24
2 26
3 9
3 13
3 16
3 25
3 28
4 11
4 13
4 21
4 22
4 23
4 25
5 8
5 11
5 14
5 15
5 16
5 17
5 20
5 21
5 22
5 25
5 27
6 8
6 10
6 13
6 21
6 22
6 25
6 26
6 28
7 11
7 13
7 22
7 23
8 10
8 13
8 16
8 17
8 18
8 22
8 24
8 27
8 29
9 13
9 21
9 26
9 29
10 11
10 13
10 14
10 23
10 26
11 18
11 21
11 24
11 28
11 29
12 14
12 17
12 20
12 24
12 27
12 28
12 29
13 14
13 16
13 18
13 20
13 21
13 25
13 26
13 28
13 29
14 20
14 25
14 27
14 28
15 17
15 22
15 27
15 29
16 18
16 25
16 26
16 27
16 28
17 20
17 21
18 19
18 21
18 22
18 23
18 27
19 22
20 25
20 27
21 24
21 27
21 28
22 25
22 26
23 27
24 28
25 29
26 27
26 28
