%%/grafo-30-7-0.5
30 30 214
0 3
0 6
0 7
0 9
0 14
0 15
0 16
0 18
0 19
0 21
0 22
0 24
0 27
0 29
1 2
1 4
1 6
1 10
1 13
1 15
1 17
1 18
1 19
1 21
1 22
1 25
1 26
1 28
1 29
2 5
2 6
2 7
2 9
2 15
2 16
2 19
2 21
2 22
2 24
2 25
2 26
2 27
3 4
3 9
3 12
3 13
3 14
3 18
3 19
3 20
3 22
3 24
3 25
3 26
3 27
3 29
4 5
4 6
4 7
4 8
4 9
4 12
4 13
4 17
4 20
4 24
4 27
4 29
5 6
5 8
5 11
5 12
5 15
5 17
5 18
5 19
5 21
6 9
6 10
6 11
6 12
6 15
6 17
6 18
6 21
6 22
6 24
6 25
6 26
6 28
6 29
7 9
7 11
7 12
7 15
7 16
7 17
7 20
7 21
7 22
7 23
7 25
7 26
7 27
7 28
8 10
8 13
8 14
8 19
8 24
8 27
8 28
9 10
9 11
9 12
9 13
9 14
9 16
9 18
9 22
9 23
9 27
9 29
10 14
10 15
10 17
10 20
10 23
10 27
10 28
10 29
11 12
11 13
11 14
11 16
11 17
11 18
11 19
11 24
11 26
12 13
12 15
12 19
12 20
12 22
12 25
12 26
12 29
13 18
13 19
13 20
13 21
13 22
13 24
13 28
13 29
14 16
14 17
14 18
14 20
14 22
14 25
14 29
15 18
15 19
15 22
15 25
15 27
15 28
16 18
16 19
16 25
16 27
16 28
17 19
17 24
17 27
17 28
17 29
18 20
18 21
18 22
18 23
18 24
18 25
18 27
18 29
19 21
19 22
19 23
19 24
19 25
19 26
19 27
19 29
20 24
20 25
20 26
20 28
21 23
21 24
21 25
21 27
21 29
22 23
22 26
23 24
23 27
23 29
24 25
24 27
24 29
26 27
26 29
