%%/grafo-40-0-0.3
40 40 240
0 2
0 11
0 12
0 13
0 14
0 17
0 29
0 30
0 34
0 36
0 37
1 6
1 7
1 9
1 13
1 16
1 22
1 34
1 35
1 36
2 5
2 8
2 9
2 11
2 13
2 17
2 21
2 30
2 34
2 37
2 38
2 39
3 5
3 19
3 27
3 28
3 33
3 34
4 5
4 7
4 9
4 10
4 11
4 12
4 14
4 15
4 18
4 20
4 21
4 27
4 30
4 32
4 33
4 35
4 36
4 37
4 38
5 9
5 11
5 19
5 21
5 22
5 26
5 27
5 31
5 32
6 9
6 12
6 18
6 23
6 26
6 29
6 30
6 33
6 34
6 36
6 38
7 12
7 19
7 20
7 22
7 25
7 26
7 27
7 28
7 32
7 38
7 39
8 13
8 18
8 19
8 20
8 21
8 22
8 23
8 24
8 27
8 29
8 33
8 34
8 36
8 37
8 38
9 15
9 16
9 25
9 26
9 31
9 32
9 35
9 39
10 12
10 17
10 20
10 21
10 24
10 32
10 33
11 13
11 14
11 15
11 18
11 20
11 21
11 25
11 32
11 34
11 36
12 14
12 16
12 19
12 27
12 30
12 35
12 39
13 16
13 17
13 20
13 23
13 24
13 25
13 27
13 30
13 35
13 37
13 39
14 16
14 17
14 24
14 29
14 30
14 33
14 37
15 16
15 20
15 24
15 25
15 35
15 36
15 38
16 19
16 28
16 30
16 31
16 32
16 35
17 19
17 25
17 27
17 29
17 32
17 36
17 38
17 39
18 20
18 25
18 26
18 28
18 37
19 30
19 31
19 36
19 37
20 24
20 25
20 29
20 30
20 31
20 32
20 37
20 38
20 39
21 23
21 33
21 34
21 39
22 27
22 30
22 33
22 35
22 38
23 32
23 35
23 38
23 39
24 25
24 28
24 34
24 35
24 36
24 39
25 26
25 31
25 35
25 37
25 38
26 28
26 31
26 32
26 35
26 37
27 29
27 30
27 31
27 37
27 38
27 39
28 35
29 30
29 39
30 38
30 39
31 35
31 36
31 39
32 35
33 36
34 35
34 38
36 37
