%%/grafo-40-5-0.5
40 40 370
0 2
0 3
0 4
0 5
0 7
0 9
0 12
0 14
0 15
0 18
0 19
0 22
0 23
0 25
0 26
0 27
0 28
0 29
0 31
0 32
0 33
0 34
0 35
1 3
1 6
1 7
1 10
1 12
1 13
1 14
1 16
1 19
1 21
1 23
1 27
1 28
1 29
1 32
1 33
1 37
1 38
1 39
2 3
2 5
2 9
2 10
2 11
2 12
2 15
2 16
2 24
2 25
2 27
2 28
2 31
2 32
2 36
2 39
3 5
3 9
3 10
3 11
3 15
3 16
3 17
3 19
3 22
3 23
3 26
3 27
3 31
3 34
3 35
3 36
3 37
3 38
4 5
4 6
4 8
4 12
4 15
4 21
4 22
4 23
4 24
4 25
4 27
4 28
4 30
4 34
4 35
5 9
5 12
5 13
5 16
5 17
5 18
5 19
5 24
5 27
5 28
5 29
5 30
5 34
5 36
5 37
5 38
5 39
6 8
6 10
6 12
6 13
6 14
6 15
6 16
6 17
6 18
6 19
6 20
6 21
6 24
6 26
6 27
6 28
6 29
6 34
6 35
6 38
6 39
7 10
7 11
7 13
7 14
7 15
7 17
7 23
7 24
7 25
7 28
7 32
7 35
7 37
7 38
8 10
8 13
8 14
8 15
8 16
8 19
8 20
8 22
8 24
8 25
8 26
8 27
8 29
8 30
8 32
8 36
8 37
8 39
9 10
9 13
9 19
9 20
9 21
9 25
9 26
9 28
9 29
9 33
9 34
9 36
9 37
9 38
10 13
10 17
10 18
10 20
10 21
10 23
10 25
10 30
10 39
11 14
11 17
11 20
11 24
11 25
11 27
11 28
11 29
11 34
11 36
11 38
12 13
12 15
12 16
12 22
12 23
12 24
12 26
12 27
12 28
12 30
12 34
12 35
12 36
12 39
13 14
13 21
13 22
13 24
13 29
13 33
13 34
13 38
14 16
14 18
14 19
14 20
14 23
14 25
14 28
14 30
14 32
14 34
14 35
14 38
15 16
15 17
15 18
15 19
15 20
15 21
15 22
15 24
15 26
15 28
15 32
15 34
15 36
16 17
16 18
16 20
16 24
16 25
16 30
16 31
16 33
16 34
16 36
16 39
17 18
17 19
17 20
17 22
17 23
17 24
17 26
17 30
17 32
17 33
17 35
17 38
18 21
18 22
18 23
18 30
18 31
18 34
18 39
19 22
19 23
19 27
19 32
19 34
19 36
19 37
19 38
19 39
20 21
20 23
20 24
20 28
20 29
20 30
20 35
20 36
20 38
20 39
21 26
21 28
21 29
21 30
21 34
21 35
21 36
21 37
21 38
22 24
22 25
22 27
22 28
22 32
22 34
22 35
22 38
22 39
23 24
23 32
23 34
23 36
24 26
24 27
24 28
24 30
24 32
24 36
24 39
25 26
25 27
25 30
25 31
25 35
25 38
25 39
26 30
26 32
26 33
26 34
26 35
26 36
27 31
27 35
27 36
27 37
28 31
28 32
28 34
28 35
28 37
28 38
28 39
29 32
29 37
29 38
30 31
30 32
30 33
30 36
30 37
30 39
31 32
31 33
31 35
31 37
32 33
32 34
32 35
32 36
32 38
32 39
33 35
33 36
33 37
35 36
35 37
35 38
37 39
