%%/grafo-40-5-0.3
40 40 212
0 2
0 7
0 9
0 12
0 18
0 19
0 22
0 23
0 28
0 31
0 32
0 33
0 34
0 35
1 3
1 7
1 12
1 13
1 14
1 16
1 19
1 21
1 23
1 27
1 28
1 32
1 33
1 37
1 38
1 39
2 3
2 5
2 10
2 11
2 12
2 25
2 28
2 31
2 36
3 5
3 11
3 15
3 23
3 27
3 34
3 35
3 36
3 37
4 5
4 8
4 15
4 21
4 22
4 23
4 27
4 30
4 35
5 13
5 18
5 19
5 24
5 27
5 28
5 30
5 37
5 38
6 10
6 13
6 14
6 15
6 16
6 19
6 20
6 24
6 39
7 11
7 15
7 17
7 23
7 24
7 25
7 28
7 32
8 10
8 13
8 15
8 16
8 24
8 25
8 27
8 29
8 30
8 39
9 10
9 20
9 21
9 29
9 36
9 37
10 13
10 21
10 30
10 39
11 14
11 20
11 24
11 25
11 27
11 28
11 29
11 34
11 36
12 13
12 15
12 16
12 22
12 23
12 26
12 27
12 28
12 34
12 36
13 22
13 34
14 19
14 30
14 35
14 38
15 17
15 19
15 20
15 22
15 24
15 34
15 36
16 20
16 24
16 25
16 30
16 31
16 33
16 36
16 39
17 18
17 19
17 20
17 24
17 30
17 32
17 33
17 35
17 38
18 21
18 30
18 34
19 22
19 23
19 32
19 36
19 37
19 38
19 39
20 28
20 38
20 39
21 26
21 28
21 34
21 35
21 37
21 38
22 34
22 35
22 38
23 24
23 32
23 34
24 26
24 27
24 28
24 39
25 26
25 30
25 35
25 38
25 39
26 32
26 33
26 35
26 36
27 31
27 35
27 37
28 31
28 32
28 34
28 35
29 32
30 32
30 36
30 39
31 32
31 33
31 35
31 37
32 33
32 34
32 36
32 38
33 36
35 36
35 38
