%%/grafo-30-7-0.3
30 30 123
0 7
0 9
0 15
0 18
0 21
0 24
1 4
1 6
1 10
1 18
1 22
1 25
1 28
2 5
2 9
2 19
2 21
2 27
3 9
3 12
3 13
3 18
3 19
3 24
4 7
4 8
4 24
4 29
5 8
5 12
5 15
5 17
5 19
5 21
6 9
6 10
6 11
6 12
6 15
6 18
6 21
6 22
6 24
6 28
6 29
7 11
7 12
7 15
7 16
7 20
7 22
7 23
7 28
8 13
8 19
8 27
8 28
9 10
9 22
9 23
9 27
9 29
10 14
10 17
10 20
10 23
10 28
11 12
11 13
11 14
11 19
11 24
11 26
12 19
12 20
12 22
12 26
12 29
13 18
13 28
13 29
14 17
14 18
14 20
14 22
14 25
14 29
15 18
15 19
15 25
15 27
15 28
16 18
16 19
16 25
16 27
17 24
17 27
17 28
17 29
18 20
18 21
18 22
18 25
18 29
19 21
19 22
19 23
19 24
19 25
19 27
20 24
20 26
20 28
21 23
21 24
21 27
22 23
23 27
24 27
24 29
26 27
26 29
