%%/grafo-30-2-0.5
30 30 225
0 3
0 7
0 8
0 11
0 14
0 15
0 16
0 19
0 20
0 23
0 24
0 26
0 29
1 5
1 6
1 7
1 9
1 11
1 12
1 13
1 14
1 15
1 16
1 17
1 18
1 21
1 24
1 25
1 26
1 27
1 29
2 3
2 6
2 9
2 11
2 12
2 13
2 15
2 20
2 22
2 24
2 25
2 27
2 29
3 7
3 9
3 10
3 12
3 17
3 18
3 19
3 23
3 24
3 27
3 28
3 29
4 8
4 12
4 13
4 15
4 16
4 19
4 22
4 23
4 25
4 28
5 6
5 7
5 8
5 9
5 11
5 12
5 13
5 14
5 15
5 18
5 21
5 22
5 23
5 24
5 26
5 27
6 7
6 9
6 11
6 12
6 13
6 14
6 15
6 16
6 17
6 18
6 21
6 22
6 23
6 24
6 25
6 27
6 28
6 29
7 8
7 10
7 11
7 13
7 14
7 20
7 22
7 23
7 25
7 26
7 28
7 29
8 9
8 10
8 12
8 15
8 16
8 17
8 21
8 22
8 23
8 24
8 27
8 28
9 10
9 12
9 14
9 15
9 17
9 20
9 21
9 22
9 25
9 26
9 28
10 11
10 14
10 15
10 18
10 19
10 21
10 24
10 25
11 15
11 19
11 21
11 22
11 24
11 26
11 29
12 13
12 14
12 15
12 16
12 17
12 19
12 21
12 24
12 25
12 28
12 29
13 15
13 16
13 17
13 18
13 19
13 20
13 21
13 23
13 28
14 15
14 16
14 18
14 19
14 21
14 26
14 27
14 29
15 16
15 18
15 23
15 27
16 17
16 18
16 19
16 20
16 21
16 29
17 20
17 24
17 26
17 27
18 19
18 20
18 21
18 22
18 24
19 20
19 21
19 24
19 25
19 27
19 28
19 29
20 21
20 22
20 26
21 23
21 25
21 26
22 24
22 25
22 29
23 24
23 25
23 26
23 29
24 25
24 27
25 26
25 29
26 27
26 28
27 29
28 29
