%%/grafo-30-3-0.5
30 30 219
0 2
0 3
0 5
0 8
0 11
0 16
0 18
0 19
0 20
0 21
0 22
0 23
0 28
1 3
1 4
1 5
1 6
1 8
1 9
1 10
1 11
1 14
1 15
1 16
1 18
1 22
1 23
1 24
1 27
2 3
2 4
2 6
2 7
2 12
2 13
2 14
2 15
2 16
2 19
2 22
2 27
2 29
3 4
3 5
3 6
3 7
3 8
3 9
3 10
3 11
3 12
3 15
3 16
3 17
3 20
3 26
3 27
3 29
4 5
4 6
4 7
4 10
4 12
4 16
4 19
4 21
4 24
4 25
4 27
4 28
5 6
5 7
5 8
5 11
5 13
5 15
5 17
5 18
5 19
5 20
5 21
5 23
5 24
5 28
6 7
6 9
6 12
6 15
6 16
6 17
6 18
6 19
6 20
6 21
6 22
6 25
6 27
6 28
7 8
7 9
7 12
7 13
7 14
7 15
7 16
7 17
7 19
7 20
7 22
7 23
7 24
7 26
7 27
7 29
8 10
8 11
8 15
8 17
8 18
8 19
8 22
8 26
9 14
9 15
9 16
9 18
9 20
9 21
9 22
9 28
9 29
10 12
10 13
10 14
10 16
10 17
10 18
10 27
11 12
11 13
11 15
11 16
11 19
11 20
11 22
11 24
11 26
11 27
11 28
12 16
12 17
12 22
12 25
12 27
12 29
13 18
13 20
13 23
13 24
13 25
13 26
13 27
13 28
14 16
14 21
14 22
14 23
15 16
15 19
15 22
15 23
15 24
15 26
15 27
15 28
16 20
16 24
16 25
16 26
16 27
16 28
17 18
17 19
17 21
17 22
17 24
17 25
17 26
17 29
18 21
18 22
18 24
18 25
18 27
18 28
18 29
19 21
19 22
19 24
19 25
19 26
20 25
20 27
20 29
21 25
22 23
22 24
22 26
22 27
23 25
23 28
24 28
25 26
25 28
26 27
26 28
27 28
27 29
28 29
