%%/grafo-30-1-0.3
30 30 130
0 3
0 6
0 13
0 15
0 18
0 20
0 23
0 26
1 2
1 4
1 5
1 6
1 7
1 10
1 12
1 14
1 16
1 19
1 22
2 10
2 11
2 17
2 18
2 20
2 24
2 26
2 28
3 8
3 11
3 14
3 16
3 18
3 19
3 21
3 26
4 6
4 9
4 13
4 17
4 22
4 23
4 28
5 8
5 15
5 21
5 23
5 24
5 28
6 7
6 18
6 19
6 24
6 28
7 8
7 9
7 13
7 17
7 18
7 24
7 26
7 27
8 12
8 13
8 15
8 17
8 18
8 20
8 21
8 24
8 25
9 10
9 17
9 20
9 24
10 12
10 14
10 15
10 16
10 17
10 22
10 23
10 25
10 29
11 13
11 15
11 19
11 22
11 24
11 29
12 15
12 20
12 21
12 22
12 23
12 25
12 29
13 15
13 16
13 21
13 24
13 27
13 28
14 18
14 21
14 27
14 28
15 20
15 21
15 23
15 25
15 27
15 28
16 24
17 19
17 20
18 29
19 22
20 23
21 23
21 29
22 23
22 25
22 28
23 24
23 28
24 26
25 28
25 29
26 28
27 28
