%%/grafo-40-3-0.3
40 40 233
0 2
0 3
0 5
0 8
0 11
0 16
0 18
0 21
0 22
0 28
0 32
0 34
0 37
0 39
1 8
1 12
1 13
1 14
1 17
1 20
1 21
1 24
1 29
1 32
1 33
1 36
1 39
2 7
2 9
2 10
2 12
2 13
2 16
2 18
2 22
2 26
2 32
2 37
2 38
3 5
3 16
3 20
3 25
3 26
3 27
3 30
3 34
3 38
3 39
4 5
4 14
4 16
4 23
4 25
4 26
4 27
4 29
4 32
4 38
5 7
5 8
5 9
5 10
5 12
5 14
5 17
5 21
5 22
5 24
5 26
5 27
5 31
5 35
6 18
6 19
6 23
6 35
6 36
6 39
7 8
7 17
7 24
7 27
7 32
7 34
7 35
7 36
8 10
8 11
8 19
8 23
8 28
8 30
8 33
8 34
8 35
8 36
8 38
9 11
9 17
9 25
9 28
9 31
9 32
9 33
9 37
10 18
10 20
10 23
10 24
10 26
10 27
10 30
10 31
10 34
10 37
10 38
11 17
11 19
11 20
11 23
11 24
11 34
12 19
12 21
12 29
12 34
12 36
12 38
13 19
13 22
13 25
13 27
13 30
13 31
13 34
13 35
13 38
13 39
14 18
14 21
14 30
14 33
14 39
15 29
15 35
16 19
16 21
16 22
16 26
16 29
16 31
16 35
16 38
16 39
17 20
17 24
17 25
17 29
17 35
18 20
18 22
18 26
18 29
18 33
18 34
18 35
18 37
18 38
19 21
19 23
19 26
19 29
19 31
19 36
19 39
20 21
20 25
20 31
20 39
21 25
21 26
21 29
21 31
21 33
21 34
21 35
21 37
21 38
21 39
22 23
22 24
22 28
22 29
22 31
22 35
22 36
23 35
24 33
24 34
24 35
24 36
25 28
25 29
25 35
26 27
26 37
26 39
27 35
28 29
28 34
28 35
28 38
28 39
29 30
29 34
29 35
29 37
30 31
30 33
30 35
31 33
31 35
31 37
31 39
32 34
32 36
32 38
32 39
34 35
34 39
36 38
36 39
