%%/grafo-40-8-0.3
40 40 230
0 3
0 7
0 11
0 15
0 19
0 22
0 24
0 25
0 26
0 27
0 28
0 30
0 31
0 33
0 34
0 35
0 36
0 37
1 6
1 7
1 8
1 14
1 15
1 17
1 18
1 26
1 28
1 33
1 36
1 38
2 7
2 8
2 10
2 11
2 12
2 14
2 16
2 17
2 23
2 24
2 32
2 39
3 4
3 12
3 15
3 17
3 23
3 24
3 27
3 31
3 32
3 34
4 5
4 8
4 16
4 19
4 25
4 26
4 29
4 32
4 34
4 36
4 39
5 9
5 16
5 18
5 20
5 24
5 26
5 28
5 30
5 32
5 37
6 11
6 14
6 18
6 19
6 20
6 25
6 33
6 38
7 8
7 11
7 14
7 21
7 23
7 24
7 25
7 29
7 32
7 34
7 37
7 39
8 17
8 18
8 26
8 28
8 32
8 36
9 12
9 13
9 20
9 23
9 24
9 26
9 27
9 36
10 18
10 20
10 25
10 27
10 30
10 36
10 37
10 38
11 15
11 20
11 22
11 24
11 25
11 28
11 30
11 31
11 32
11 33
12 16
12 17
12 18
12 21
12 22
12 31
12 32
12 37
12 38
12 39
13 18
13 19
13 23
13 32
13 33
13 38
14 16
14 26
14 29
14 30
14 34
14 35
14 37
14 38
15 23
15 29
15 31
15 35
16 18
16 21
16 22
16 27
16 32
16 36
17 18
17 20
17 24
17 28
17 35
17 37
18 21
19 21
19 25
19 29
19 30
19 32
19 35
19 36
20 33
20 34
21 27
21 39
22 24
22 27
22 28
22 33
22 35
22 36
22 37
22 38
23 25
23 32
23 34
23 35
23 36
23 37
23 39
24 30
24 33
24 38
25 27
25 28
25 31
25 35
25 36
25 37
25 38
26 33
26 34
26 38
27 28
27 30
27 33
27 36
27 37
27 38
27 39
28 29
28 35
28 36
28 37
28 38
29 35
29 37
29 39
30 34
30 37
31 35
31 36
32 34
32 39
33 34
33 38
35 39
37 39
