%%/grafo-50-1-0.5
50 50 610
0 2
0 3
0 4
0 6
0 11
0 12
0 13
0 15
0 18
0 19
0 20
0 23
0 26
0 27
0 30
0 32
0 33
0 34
0 35
0 38
0 39
0 40
0 41
0 42
0 44
0 47
1 2
1 3
1 4
1 5
1 6
1 12
1 13
1 14
1 17
1 18
1 24
1 25
1 27
1 31
1 33
1 35
1 41
1 44
1 46
1 47
1 49
2 4
2 5
2 7
2 10
2 12
2 15
2 16
2 17
2 20
2 21
2 24
2 26
2 28
2 33
2 34
2 36
2 38
2 39
2 40
2 41
2 42
2 43
3 4
3 6
3 10
3 12
3 13
3 14
3 17
3 19
3 20
3 22
3 23
3 25
3 27
3 29
3 30
3 31
3 32
3 36
3 40
3 41
3 42
3 43
3 47
4 6
4 7
4 8
4 12
4 13
4 15
4 16
4 17
4 18
4 21
4 22
4 23
4 25
4 27
4 28
4 30
4 31
4 33
4 34
4 35
4 39
4 40
4 44
4 47
4 48
5 6
5 8
5 10
5 11
5 12
5 15
5 17
5 19
5 20
5 21
5 22
5 23
5 26
5 27
5 28
5 30
5 33
5 34
5 36
5 38
5 42
5 45
5 47
6 8
6 9
6 12
6 14
6 17
6 18
6 19
6 20
6 22
6 26
6 27
6 28
6 29
6 32
6 34
6 35
6 37
6 38
6 39
6 40
6 41
6 45
6 46
6 48
6 49
7 12
7 13
7 14
7 15
7 17
7 20
7 21
7 23
7 25
7 27
7 28
7 30
7 32
7 37
7 44
7 45
8 10
8 11
8 12
8 14
8 24
8 27
8 35
8 37
8 38
8 40
8 41
8 45
8 46
9 10
9 11
9 12
9 13
9 14
9 15
9 17
9 18
9 19
9 23
9 26
9 27
9 28
9 32
9 33
9 35
9 37
9 39
9 41
9 45
9 46
9 47
9 49
10 11
10 14
10 16
10 17
10 19
10 20
10 21
10 22
10 23
10 25
10 29
10 30
10 31
10 33
10 34
10 36
10 37
10 38
10 39
10 41
10 42
10 43
10 46
10 48
10 49
11 12
11 14
11 24
11 25
11 28
11 33
11 35
11 36
11 38
11 40
11 42
11 44
12 13
12 18
12 19
12 20
12 22
12 23
12 24
12 25
12 26
12 28
12 29
12 30
12 31
12 33
12 34
12 38
12 39
12 40
12 41
12 45
12 46
12 47
12 48
12 49
13 15
13 17
13 18
13 19
13 20
13 21
13 22
13 24
13 26
13 27
13 28
13 29
13 33
13 34
13 36
13 38
13 41
13 44
13 47
13 48
14 15
14 16
14 20
14 22
14 24
14 25
14 32
14 33
14 34
14 35
14 37
14 39
14 40
14 43
14 45
14 46
14 48
14 49
15 17
15 18
15 22
15 24
15 25
15 27
15 32
15 33
15 34
15 35
15 39
15 40
15 42
15 43
15 48
15 49
16 19
16 21
16 23
16 26
16 30
16 31
16 34
16 37
16 38
16 39
16 40
16 41
16 45
17 18
17 20
17 23
17 27
17 29
17 31
17 39
17 41
17 43
17 44
17 46
17 48
17 49
18 19
18 20
18 22
18 23
18 26
18 28
18 29
18 30
18 31
18 32
18 36
18 37
18 38
18 40
18 42
18 49
19 21
19 23
19 24
19 27
19 30
19 31
19 38
19 40
19 42
19 44
19 45
19 47
20 21
20 24
20 25
20 27
20 28
20 29
20 31
20 33
20 34
20 36
20 39
20 42
20 45
20 46
20 49
21 26
21 27
21 28
21 29
21 30
21 31
21 32
21 35
21 36
21 38
21 39
21 40
21 41
21 42
21 44
21 46
21 47
22 24
22 25
22 26
22 29
22 32
22 35
22 38
22 39
22 41
22 42
22 43
22 44
22 45
22 46
22 48
22 49
23 25
23 27
23 28
23 29
23 32
23 35
23 36
23 38
23 41
23 43
23 46
24 27
24 29
24 30
24 31
24 32
24 33
24 35
24 36
24 37
24 40
24 43
24 45
24 46
24 47
24 48
24 49
25 27
25 29
25 32
25 33
25 35
25 38
25 39
25 41
25 43
25 44
25 46
25 47
25 49
26 29
26 31
26 32
26 33
26 34
26 35
26 41
26 43
26 45
26 49
27 30
27 32
27 35
27 38
27 41
27 43
27 49
28 29
28 31
28 33
28 34
28 35
28 37
28 42
28 44
29 31
29 32
29 34
29 35
29 36
29 40
29 42
29 44
29 45
29 46
29 47
30 32
30 33
30 34
30 36
30 38
30 42
30 45
30 46
30 47
31 32
31 33
31 34
31 37
31 39
31 40
31 41
31 42
31 43
31 46
31 47
32 34
32 36
32 37
32 38
32 41
32 42
32 43
32 46
32 47
32 49
33 36
33 40
33 43
33 46
33 47
33 48
33 49
34 35
34 36
34 40
34 43
34 47
34 48
34 49
35 37
35 40
35 41
35 42
35 44
35 47
35 49
36 37
36 38
36 41
36 43
37 38
37 40
37 41
37 42
37 43
37 44
37 45
37 46
37 47
37 48
37 49
38 42
38 43
38 44
38 45
38 46
38 49
39 44
39 45
39 46
39 47
39 48
39 49
40 41
40 43
40 45
40 46
40 48
41 42
41 45
41 47
41 49
42 44
42 48
42 49
43 45
43 49
44 45
44 47
44 48
45 46
45 48
45 49
46 47
47 48
