%%/grafo-50-5-0.5
50 50 593
0 2
0 3
0 4
0 5
0 7
0 9
0 12
0 14
0 15
0 18
0 19
0 22
0 23
0 25
0 26
0 27
0 28
0 29
0 31
0 32
0 33
0 34
0 35
0 41
0 44
0 45
0 48
1 2
1 3
1 4
1 6
1 9
1 11
1 13
1 17
1 18
1 19
1 22
1 23
1 27
1 28
1 29
1 30
1 32
1 36
1 37
1 38
1 39
1 42
1 43
2 4
2 5
2 7
2 8
2 11
2 12
2 16
2 19
2 21
2 25
2 26
2 27
2 31
2 32
2 33
2 35
2 38
2 39
2 42
2 43
2 47
3 4
3 5
3 6
3 7
3 8
3 10
3 11
3 13
3 17
3 20
3 26
3 27
3 28
3 29
3 30
3 32
3 33
3 35
3 39
3 40
3 48
4 6
4 7
4 10
4 11
4 12
4 13
4 18
4 21
4 22
4 23
4 24
4 28
4 30
4 31
4 32
4 33
4 35
4 37
4 39
4 40
4 41
4 42
4 43
4 44
4 45
4 46
4 47
4 48
5 7
5 9
5 10
5 11
5 12
5 17
5 18
5 21
5 22
5 25
5 26
5 28
5 29
5 30
5 32
5 38
5 39
5 40
5 43
5 47
6 7
6 9
6 10
6 13
6 16
6 17
6 18
6 19
6 22
6 23
6 25
6 27
6 28
6 29
6 30
6 32
6 33
6 35
6 39
6 40
6 42
6 43
6 46
7 10
7 11
7 12
7 16
7 17
7 19
7 20
7 24
7 25
7 27
7 28
7 29
7 33
7 37
7 38
7 40
7 41
7 43
7 45
8 9
8 18
8 21
8 24
8 27
8 31
8 32
8 34
8 35
8 36
8 41
8 43
8 45
8 47
8 49
9 10
9 16
9 17
9 18
9 20
9 21
9 22
9 24
9 28
9 29
9 30
9 33
9 34
9 41
9 42
9 44
9 49
10 14
10 15
10 19
10 22
10 24
10 25
10 26
10 29
10 31
10 34
10 36
10 38
10 40
10 41
10 44
10 46
10 47
10 48
10 49
11 12
11 13
11 14
11 16
11 18
11 20
11 24
11 26
11 28
11 32
11 33
11 35
11 39
11 40
11 45
11 46
11 48
11 49
12 14
12 17
12 18
12 19
12 20
12 22
12 23
12 24
12 26
12 30
12 32
12 33
12 35
12 38
12 42
12 43
12 44
13 15
13 16
13 19
13 24
13 27
13 28
13 32
13 37
13 39
13 41
13 42
13 43
13 44
13 45
13 47
13 48
14 17
14 18
14 19
14 24
14 25
14 27
14 28
14 33
14 35
14 36
14 37
14 41
14 42
14 43
14 44
14 45
14 48
14 49
15 17
15 18
15 22
15 24
15 25
15 28
15 29
15 30
15 38
15 40
15 42
15 47
15 48
15 49
16 18
16 20
16 24
16 27
16 28
16 29
16 32
16 33
16 37
16 40
16 41
16 45
16 47
16 48
16 49
17 18
17 19
17 26
17 30
17 31
17 32
17 37
17 38
17 40
17 41
17 43
17 44
17 45
17 48
18 22
18 23
18 25
18 26
18 27
18 30
18 31
18 33
18 34
18 35
18 37
18 39
18 42
18 43
18 44
18 45
18 47
18 48
19 20
19 21
19 22
19 30
19 31
19 32
19 38
19 40
19 42
19 44
19 45
19 46
19 47
19 48
19 49
20 22
20 24
20 25
20 26
20 29
20 30
20 32
20 33
20 34
20 37
20 40
20 42
20 43
20 44
20 45
20 46
20 49
21 22
21 23
21 27
21 28
21 29
21 30
21 35
21 36
21 39
21 43
21 44
21 47
22 29
22 30
22 32
22 33
22 35
22 38
22 40
22 41
22 42
22 45
22 46
22 47
23 25
23 26
23 27
23 28
23 31
23 34
23 37
23 39
23 40
23 43
23 46
23 47
23 48
23 49
24 25
24 26
24 27
24 28
24 29
24 30
24 31
24 33
24 35
24 39
24 40
24 41
24 48
24 49
25 26
25 27
25 29
25 32
25 33
25 37
25 41
25 43
25 46
25 47
25 48
26 27
26 31
26 34
26 38
26 39
26 43
26 45
26 47
26 48
27 31
27 32
27 33
27 39
27 40
27 41
27 42
27 43
27 46
27 47
27 49
28 30
28 33
28 35
28 36
28 37
28 38
28 39
28 40
28 41
28 42
28 48
29 30
29 34
29 35
29 37
29 42
29 48
29 49
30 31
30 32
30 35
30 38
30 41
30 45
30 46
30 47
30 48
30 49
31 32
31 34
31 36
31 37
31 38
31 43
31 46
31 49
32 33
32 35
32 36
32 37
32 38
32 39
32 42
32 45
32 48
32 49
33 34
33 37
33 38
33 39
33 43
33 44
33 47
34 35
34 37
34 38
34 39
34 40
34 45
34 47
34 48
35 36
35 38
35 39
35 40
35 41
35 49
36 37
36 39
36 40
36 42
36 43
36 44
36 48
37 38
37 39
37 40
37 42
37 43
37 44
37 45
37 48
37 49
38 39
38 40
38 42
38 45
38 46
38 48
38 49
39 40
39 41
39 43
39 47
39 49
40 42
40 45
40 48
41 44
41 45
41 47
41 49
42 43
42 44
42 45
42 46
43 44
43 45
43 46
44 45
44 47
44 48
45 48
46 47
46 48
