%%/grafo-50-0-0.5
50 50 612
0 2
0 6
0 7
0 11
0 12
0 13
0 14
0 17
0 19
0 22
0 29
0 30
0 34
0 35
0 36
0 37
0 38
0 39
0 44
0 45
0 47
1 3
1 6
1 7
1 12
1 17
1 18
1 23
1 24
1 25
1 26
1 27
1 32
1 33
1 35
1 36
1 37
1 38
1 40
1 41
1 44
1 48
2 3
2 6
2 7
2 9
2 10
2 14
2 15
2 17
2 18
2 19
2 21
2 22
2 24
2 25
2 31
2 35
2 41
2 43
2 44
2 47
2 49
3 4
3 6
3 10
3 11
3 12
3 14
3 15
3 16
3 17
3 19
3 20
3 23
3 25
3 26
3 28
3 32
3 35
3 37
3 38
3 40
3 41
3 42
3 43
3 46
3 48
3 49
4 5
4 7
4 11
4 12
4 13
4 15
4 16
4 20
4 21
4 24
4 25
4 26
4 29
4 30
4 35
4 36
4 39
4 44
4 45
4 46
5 6
5 9
5 10
5 12
5 13
5 14
5 15
5 16
5 17
5 19
5 20
5 21
5 23
5 24
5 27
5 31
5 32
5 34
5 35
5 37
5 39
5 40
5 41
5 42
5 43
5 44
5 47
5 49
6 7
6 10
6 11
6 13
6 16
6 20
6 21
6 22
6 23
6 24
6 25
6 26
6 27
6 30
6 32
6 34
6 36
6 37
6 39
6 40
6 41
6 43
6 47
6 48
6 49
7 8
7 13
7 14
7 16
7 17
7 20
7 21
7 22
7 23
7 26
7 27
7 29
7 30
7 32
7 34
7 37
7 38
7 40
7 41
7 42
7 44
7 46
8 10
8 11
8 12
8 13
8 20
8 21
8 22
8 25
8 27
8 28
8 31
8 32
8 36
8 37
8 39
8 41
8 43
8 48
9 10
9 13
9 14
9 17
9 19
9 20
9 21
9 24
9 26
9 28
9 29
9 33
9 36
9 37
9 39
9 40
9 42
9 43
9 44
9 45
9 46
9 47
9 48
10 11
10 16
10 17
10 18
10 20
10 22
10 23
10 25
10 27
10 28
10 30
10 31
10 35
10 36
10 39
10 41
10 43
10 46
11 12
11 14
11 15
11 16
11 17
11 19
11 21
11 23
11 24
11 25
11 27
11 28
11 30
11 34
11 42
11 43
11 45
11 46
11 47
11 48
12 13
12 16
12 17
12 18
12 19
12 25
12 27
12 29
12 30
12 31
12 32
12 33
12 34
12 35
12 36
12 38
12 39
12 41
12 43
12 46
12 47
12 49
13 14
13 15
13 17
13 21
13 22
13 23
13 24
13 31
13 35
13 36
13 37
13 39
13 41
13 42
13 46
13 47
13 48
13 49
14 18
14 19
14 20
14 21
14 23
14 26
14 27
14 28
14 30
14 31
14 34
14 36
14 37
14 39
14 40
14 41
14 42
14 44
14 46
14 49
15 17
15 20
15 23
15 25
15 28
15 30
15 33
15 34
15 37
15 38
15 40
15 41
15 44
15 45
15 46
15 47
15 48
15 49
16 17
16 21
16 22
16 23
16 24
16 27
16 28
16 33
16 37
16 39
16 40
16 42
16 43
16 44
16 45
16 46
16 47
17 18
17 20
17 21
17 24
17 25
17 26
17 31
17 32
17 33
17 34
17 37
17 38
17 39
17 41
17 42
17 46
17 47
18 20
18 23
18 24
18 30
18 31
18 32
18 33
18 37
18 38
18 39
18 41
18 44
18 47
19 20
19 21
19 25
19 27
19 28
19 29
19 30
19 34
19 35
19 39
19 41
19 42
20 22
20 23
20 24
20 25
20 27
20 30
20 32
20 33
20 34
20 35
20 37
20 39
20 40
20 43
20 44
21 23
21 25
21 31
21 32
21 34
21 35
21 38
21 39
21 40
21 42
21 43
21 45
21 47
21 49
22 26
22 31
22 32
22 33
22 36
22 38
22 39
22 43
22 44
22 46
22 48
23 26
23 32
23 35
23 36
23 37
23 39
23 42
23 43
23 44
23 45
23 46
23 47
23 48
24 26
24 27
24 30
24 31
24 32
24 33
24 38
24 46
24 47
24 49
25 27
25 28
25 29
25 30
25 31
25 34
25 35
25 37
25 40
25 41
25 44
25 45
25 46
26 29
26 32
26 34
26 35
26 36
26 37
26 38
26 39
26 41
26 45
26 48
27 31
27 32
27 33
27 36
27 37
27 39
27 40
27 42
27 44
27 45
27 48
27 49
28 35
28 36
28 37
28 38
28 40
28 41
28 43
28 44
28 45
28 46
28 47
28 48
28 49
29 30
29 31
29 33
29 35
29 39
29 43
29 44
29 45
29 47
29 48
29 49
30 31
30 34
30 35
30 36
30 37
30 38
30 43
30 44
30 45
31 32
31 33
31 36
31 40
31 42
31 43
31 44
31 45
31 46
31 48
32 34
32 35
32 36
32 40
32 41
32 42
32 43
32 44
32 45
32 46
32 47
32 48
32 49
33 35
33 36
33 38
33 42
33 43
33 44
33 45
33 47
33 48
33 49
34 41
34 42
34 44
34 45
34 46
35 39
35 41
35 43
35 44
35 46
35 48
35 49
36 37
36 39
36 43
36 44
36 46
37 39
37 43
37 46
38 40
38 43
39 40
39 41
39 42
39 47
39 49
40 41
40 42
40 46
40 47
41 42
41 43
41 49
42 44
42 45
42 46
42 49
43 44
43 47
43 48
44 45
44 46
44 47
45 47
45 48
48 49
