%%/grafo-40-8-0.5
40 40 378
0 3
0 7
0 9
0 11
0 13
0 15
0 16
0 19
0 22
0 24
0 25
0 26
0 27
0 28
0 30
0 31
0 32
0 33
0 34
0 35
0 36
0 37
1 6
1 7
1 8
1 10
1 11
1 14
1 15
1 16
1 17
1 18
1 20
1 24
1 26
1 28
1 29
1 33
1 34
1 36
1 37
1 38
2 3
2 5
2 7
2 8
2 10
2 11
2 12
2 14
2 16
2 17
2 20
2 23
2 24
2 32
2 34
2 39
3 4
3 7
3 12
3 15
3 16
3 17
3 19
3 21
3 23
3 24
3 26
3 27
3 30
3 31
3 32
3 34
3 35
3 38
4 5
4 8
4 9
4 10
4 11
4 16
4 19
4 20
4 22
4 25
4 26
4 29
4 32
4 34
4 36
4 37
4 39
5 6
5 7
5 9
5 10
5 13
5 15
5 16
5 18
5 20
5 24
5 25
5 26
5 28
5 30
5 32
5 37
6 11
6 12
6 14
6 18
6 19
6 20
6 23
6 25
6 26
6 29
6 33
6 38
7 8
7 9
7 11
7 12
7 14
7 17
7 18
7 21
7 23
7 24
7 25
7 29
7 32
7 34
7 37
7 39
8 10
8 16
8 17
8 18
8 19
8 20
8 21
8 26
8 28
8 29
8 32
8 36
8 39
9 12
9 13
9 15
9 19
9 20
9 21
9 23
9 24
9 26
9 27
9 30
9 31
9 33
9 36
10 11
10 13
10 14
10 18
10 19
10 20
10 21
10 22
10 23
10 25
10 27
10 29
10 30
10 33
10 34
10 36
10 37
10 38
11 15
11 20
11 22
11 24
11 25
11 28
11 30
11 31
11 32
11 33
12 14
12 16
12 17
12 18
12 21
12 22
12 23
12 26
12 31
12 32
12 35
12 36
12 37
12 38
12 39
13 17
13 18
13 19
13 22
13 23
13 28
13 29
13 31
13 32
13 33
13 37
13 38
13 39
14 16
14 17
14 21
14 26
14 27
14 29
14 30
14 34
14 35
14 37
14 38
15 19
15 20
15 22
15 23
15 24
15 29
15 31
15 32
15 35
15 36
15 39
16 17
16 18
16 19
16 21
16 22
16 24
16 27
16 28
16 29
16 32
16 35
16 36
16 38
16 39
17 18
17 20
17 24
17 28
17 30
17 34
17 35
17 37
17 39
18 20
18 21
18 26
18 28
18 30
18 31
18 32
18 35
18 36
19 21
19 22
19 25
19 29
19 30
19 32
19 35
19 36
20 21
20 25
20 26
20 30
20 33
20 34
21 22
21 23
21 25
21 26
21 27
21 28
21 31
21 32
21 34
21 35
21 39
22 23
22 24
22 26
22 27
22 28
22 29
22 32
22 33
22 35
22 36
22 37
22 38
23 25
23 27
23 30
23 32
23 34
23 35
23 36
23 37
23 38
23 39
24 26
24 27
24 30
24 31
24 33
24 35
24 38
24 39
25 27
25 28
25 31
25 35
25 36
25 37
25 38
26 28
26 33
26 34
26 35
26 38
27 28
27 30
27 33
27 36
27 37
27 38
27 39
28 29
28 31
28 33
28 35
28 36
28 37
28 38
29 31
29 32
29 35
29 37
29 39
30 31
30 32
30 34
30 36
30 37
31 35
31 36
31 37
32 34
32 36
32 39
33 34
33 38
34 35
35 39
37 38
37 39
38 39
