%%/grafo-30-5-0.5
30 30 210
0 2
0 3
0 4
0 5
0 7
0 9
0 12
0 14
0 15
0 18
0 19
0 22
0 23
0 25
0 26
0 27
0 28
0 29
1 3
1 4
1 5
1 6
1 7
1 13
1 16
1 17
1 20
1 22
1 23
1 24
1 26
1 29
2 4
2 6
2 10
2 11
2 12
2 15
2 16
2 20
2 21
2 22
2 23
2 25
2 29
3 4
3 5
3 6
3 9
3 10
3 18
3 19
3 21
3 22
3 25
3 26
4 5
4 8
4 10
4 14
4 15
4 16
4 20
4 21
4 22
4 24
4 27
4 28
5 7
5 8
5 12
5 15
5 16
5 17
5 18
5 19
5 21
5 22
5 24
5 28
6 8
6 14
6 15
6 16
6 17
6 18
6 20
6 21
6 23
6 27
6 28
7 14
7 17
7 18
7 21
7 22
7 23
7 24
7 29
8 11
8 12
8 13
8 14
8 18
8 20
8 21
8 22
8 23
8 25
8 27
8 29
9 10
9 11
9 12
9 13
9 14
9 15
9 16
9 17
9 18
9 21
9 23
9 24
9 25
9 26
10 12
10 13
10 16
10 17
10 20
10 21
10 23
10 24
10 25
10 27
11 15
11 16
11 17
11 20
11 24
11 27
11 29
12 13
12 16
12 19
12 20
12 21
12 22
12 25
12 26
12 28
13 14
13 15
13 16
13 17
13 19
13 20
13 22
13 26
13 27
13 29
14 15
14 18
14 24
14 25
14 26
15 16
15 17
15 19
15 20
15 24
15 25
15 27
15 28
15 29
16 20
16 24
16 25
16 27
16 28
17 18
17 20
17 25
18 23
18 26
18 29
19 22
19 26
19 27
19 29
20 21
20 22
20 27
20 29
21 23
21 25
21 27
21 28
22 27
22 28
22 29
23 25
23 26
23 27
23 29
24 28
24 29
25 26
25 29
26 27
