%%/grafo-40-4-0.3
40 40 228
0 5
0 6
0 9
0 12
0 16
0 19
0 20
0 26
0 34
0 36
1 2
1 8
1 19
1 24
1 32
1 36
1 38
1 39
2 3
2 4
2 6
2 15
2 19
2 22
2 31
2 34
3 6
3 8
3 16
3 17
3 18
3 20
3 27
3 30
3 33
3 34
3 35
3 36
3 39
4 5
4 6
4 9
4 11
4 15
4 17
4 20
4 28
4 29
4 32
4 33
4 35
5 6
5 8
5 17
5 18
5 26
5 29
5 32
5 33
5 34
5 38
6 7
6 10
6 12
6 16
6 24
6 29
6 32
6 33
6 35
6 36
7 13
7 16
7 26
7 29
7 32
7 36
7 37
7 39
8 11
8 14
8 18
8 21
8 22
8 23
8 24
8 26
8 28
8 30
8 31
8 35
8 36
8 38
8 39
9 15
9 20
9 22
9 23
9 26
9 31
9 36
9 38
10 11
10 18
10 19
10 20
10 21
10 25
10 26
10 35
10 37
10 38
10 39
11 15
11 20
11 32
11 34
11 39
12 15
12 16
12 20
12 21
12 28
12 34
12 39
13 14
13 15
13 20
13 23
13 29
13 35
13 37
14 15
14 16
14 23
14 29
14 30
14 31
14 36
15 17
15 20
15 21
15 26
15 27
15 28
15 29
15 31
15 33
15 34
15 36
16 18
16 22
16 23
16 24
16 29
16 32
17 31
17 33
17 36
18 19
18 21
18 22
18 23
18 24
18 27
18 33
18 35
19 24
19 27
19 30
19 33
19 34
19 36
19 38
20 27
20 34
20 36
21 23
21 27
21 29
21 31
21 34
21 37
22 23
22 31
22 32
22 33
22 35
22 36
22 39
23 26
23 28
23 29
23 34
23 35
23 36
23 38
23 39
24 29
24 32
25 29
25 30
25 35
26 28
26 29
26 36
26 38
27 28
27 30
27 32
27 38
27 39
28 29
28 35
28 36
29 33
29 34
29 39
30 33
31 32
31 35
31 38
32 36
33 35
33 37
33 38
34 37
35 38
