%%/grafo-30-6-0.3
30 30 132
0 4
0 9
0 17
0 22
0 23
0 28
0 29
1 3
1 6
1 8
1 10
1 15
1 19
1 21
1 24
1 28
2 4
2 9
2 12
2 14
2 16
2 25
3 4
3 6
3 14
3 15
3 21
3 27
3 28
4 9
4 11
4 12
4 14
4 15
4 16
4 17
4 20
4 21
4 29
5 7
5 8
5 9
5 14
5 15
5 17
5 18
5 21
5 22
5 23
5 27
6 7
6 28
7 8
7 19
7 20
7 23
7 25
7 29
8 13
8 14
8 15
8 16
8 20
8 23
8 26
9 16
9 25
9 29
10 11
10 14
10 20
10 21
10 23
10 26
10 27
10 28
10 29
11 16
11 19
11 21
11 24
11 27
11 28
12 14
12 15
12 20
12 23
12 24
12 27
12 28
12 29
13 15
13 25
13 28
14 16
14 17
14 21
14 23
14 26
14 29
15 21
15 24
15 25
15 26
15 27
15 29
16 26
17 18
17 19
17 24
17 25
18 20
18 24
18 28
19 22
19 25
19 26
20 21
20 23
20 24
20 28
20 29
21 25
21 26
21 29
22 27
22 29
23 29
24 25
24 26
25 26
27 28
