%%/grafo-40-7-0.5
40 40 385
0 3
0 6
0 7
0 9
0 14
0 15
0 16
0 18
0 19
0 21
0 22
0 24
0 27
0 29
0 30
0 32
0 34
0 38
1 3
1 5
1 7
1 8
1 9
1 11
1 12
1 15
1 16
1 18
1 19
1 22
1 23
1 24
1 26
1 32
1 33
1 36
1 38
1 39
2 4
2 5
2 6
2 7
2 10
2 15
2 18
2 19
2 20
2 24
2 25
2 26
2 28
2 30
2 31
2 32
2 33
2 35
2 36
2 37
2 38
2 39
3 4
3 7
3 8
3 12
3 15
3 19
3 22
3 24
3 25
3 27
3 30
3 31
3 34
3 36
3 37
3 38
4 5
4 16
4 17
4 18
4 19
4 22
4 24
4 25
4 28
4 29
4 31
4 32
4 33
4 35
4 36
4 38
5 6
5 7
5 10
5 11
5 12
5 15
5 16
5 17
5 18
5 20
5 21
5 22
5 23
5 26
5 29
5 30
5 35
6 7
6 10
6 11
6 13
6 14
6 15
6 16
6 17
6 19
6 21
6 25
6 26
6 30
6 32
6 36
6 37
6 39
7 10
7 13
7 17
7 18
7 19
7 20
7 21
7 22
7 24
7 25
7 26
7 27
7 32
7 34
7 38
8 9
8 13
8 14
8 16
8 19
8 20
8 23
8 28
8 29
8 30
8 31
8 32
8 34
8 38
8 39
9 11
9 12
9 13
9 15
9 17
9 20
9 24
9 27
9 28
9 31
9 34
9 36
9 37
10 11
10 12
10 18
10 20
10 21
10 24
10 29
10 32
10 33
10 34
10 36
10 37
10 38
10 39
11 12
11 13
11 15
11 17
11 19
11 20
11 21
11 22
11 23
11 24
11 25
11 27
11 31
11 32
11 33
11 35
11 38
11 39
12 13
12 15
12 17
12 18
12 21
12 25
12 28
12 30
12 31
12 33
12 35
13 14
13 16
13 20
13 21
13 23
13 24
13 25
13 30
13 33
13 34
13 35
13 38
14 19
14 21
14 22
14 24
14 26
14 27
14 29
14 30
14 32
14 36
14 37
14 38
14 39
15 19
15 21
15 24
15 26
15 28
15 32
15 33
15 34
15 36
16 22
16 23
16 26
16 29
16 33
16 34
16 38
17 21
17 23
17 26
17 28
17 31
17 33
17 34
17 35
17 36
17 37
18 21
18 23
18 25
18 29
18 31
18 32
18 34
18 35
18 36
18 38
19 22
19 23
19 25
19 26
19 27
19 28
19 29
19 30
19 32
19 33
19 35
19 36
19 37
19 38
19 39
20 24
20 26
20 29
20 30
20 32
20 33
20 35
21 23
21 24
21 25
21 27
21 31
21 34
21 38
22 23
22 24
22 26
22 28
22 30
22 33
22 35
22 36
22 37
22 38
22 39
23 25
23 28
23 29
23 30
23 32
23 34
23 35
23 37
24 25
24 26
24 31
24 32
24 38
24 39
25 27
25 30
25 31
25 33
25 34
25 35
25 36
25 37
25 38
25 39
26 27
26 36
26 37
26 39
27 29
27 30
27 32
27 33
27 34
27 36
27 37
27 38
27 39
28 29
28 31
28 32
28 33
28 34
28 35
28 37
28 38
28 39
29 37
30 34
30 37
31 32
31 33
31 35
31 36
32 33
32 34
32 35
32 36
33 35
33 37
33 38
34 37
34 38
34 39
35 36
35 37
35 38
36 37
36 38
36 39
37 38
37 39
38 39
